1609489736 0 2 0 0 0 0 0 0 0 0 0 0 0
1609752363 0 5 1 0 0 0 0 0 0 0 0 0 0
1609753437 0 6 1 0 0 0 0 0 0 0 0 0 0
1609809109 0 7 1 0 0 0 0 0 0 0 0 0 0
1609812709 0 8 1 0 0 0 0 0 0 0 0 0 0
1609816565 0 8 1 1 0 0 0 0 0 0 0 0 0
1609816572 0 8 1 2 0 0 0 0 0 0 0 0 0
1609818326 0 9 1 2 0 0 0 0 0 0 0 0 0
1609836316 0 10 1 2 0 0 0 0 0 0 0 0 0
1609901088 0 11 1 2 0 0 0 0 0 0 0 0 0
1609989595 0 12 1 2 0 0 0 0 0 0 0 0 0
1609990834 0 13 1 2 0 0 0 0 0 0 0 0 0
1609990851 0 14 1 2 0 0 0 0 0 0 0 0 0
1609990863 0 15 1 2 0 0 0 0 0 0 0 0 0
1609991283 0 16 1 2 0 0 0 0 0 0 0 0 0
1609991564 0 17 1 2 0 0 0 0 0 0 0 0 0
1609992094 0 18 1 2 0 0 0 0 0 0 0 0 0
1609992318 0 19 1 2 0 0 0 0 0 0 0 0 0
1610003382 0 20 1 2 0 0 0 0 0 0 0 0 0
1610003396 0 21 1 2 0 0 0 0 0 0 0 0 0
1610006926 0 22 1 2 0 0 0 0 0 0 0 0 0
1610008016 0 23 1 2 0 0 0 0 0 0 0 0 0
1610009265 0 24 1 2 0 0 0 0 0 0 0 0 0
1610009406 0 25 1 2 0 0 0 0 0 0 0 0 0
1610010993 0 26 1 2 0 0 0 0 0 0 0 0 0
1610011591 0 27 1 2 0 0 0 0 0 0 0 0 0
1610013531 0 28 1 2 0 0 0 0 0 0 0 0 0
1610014192 0 29 1 2 0 0 0 0 0 0 0 0 0
1610014695 0 30 1 2 0 0 0 0 0 0 0 0 0
1610015313 0 31 1 2 0 0 0 0 0 0 0 0 0
1610015685 0 32 1 2 0 0 0 0 0 0 0 0 0
1610016808 0 33 1 2 0 0 0 0 0 0 0 0 0
1610072346 0 34 1 2 0 0 0 0 0 0 0 0 0
1610072977 0 35 1 2 0 0 0 0 0 0 0 0 0
1610074307 0 36 1 2 0 0 0 0 0 0 0 0 0
1610076352 0 37 1 2 0 0 0 0 0 0 0 0 0
1610076364 0 38 1 2 0 0 0 0 0 0 0 0 0
1610076414 0 39 1 2 0 0 0 0 0 0 0 0 0
1610076627 0 40 1 2 0 0 0 0 0 0 0 0 0
1610081884 0 41 1 2 0 0 0 0 0 0 0 0 0
1610081896 0 42 1 2 0 0 0 0 0 0 0 0 0
1610081941 0 43 1 2 0 0 0 0 0 0 0 0 0
1610081967 0 44 1 2 0 0 0 0 0 0 0 0 0
1610088343 0 45 1 2 0 0 0 0 0 0 0 0 0
1610088353 0 46 1 2 0 0 0 0 0 0 0 0 0
1610096452 0 47 1 2 0 0 0 0 0 0 0 0 0
1610331726 0 48 1 2 0 0 0 0 0 0 0 0 0
1610333987 0 49 1 2 0 0 0 0 0 0 0 0 0
1610333998 0 51 1 2 0 0 0 0 0 0 0 0 0
1610337532 0 52 1 2 0 0 0 0 0 0 0 0 0
1610348454 0 53 1 2 0 0 0 0 0 0 0 0 0
1610355818 0 54 4 2 0 0 0 0 0 0 0 0 0
1610355858 0 54 5 2 0 0 0 0 0 0 0 0 0
1610357400 0 54 6 2 0 0 0 0 0 0 0 0 0
1610358311 0 54 7 2 0 0 0 0 0 0 0 0 0
1610415152 0 55 9 3 0 0 0 0 0 0 0 0 0
1610432548 0 56 9 3 0 0 0 0 0 0 0 0 0
1610432947 0 57 9 3 0 0 0 0 0 0 0 0 0
1610433294 0 58 9 3 0 0 0 0 0 0 0 0 0
1610434051 0 59 9 3 0 0 0 0 0 0 0 0 0
1610435456 0 60 9 3 0 0 0 0 0 0 0 0 0
1610435521 0 61 9 3 0 0 0 0 0 0 0 0 0
1610438240 0 63 9 3 0 0 0 0 0 0 0 0 0
1610439746 0 64 9 3 0 0 0 0 0 0 0 0 0
1610441221 0 65 9 3 0 0 0 0 0 0 0 0 0
1610442758 0 66 9 3 0 0 0 0 0 0 0 0 0
1610442769 0 67 9 3 0 0 0 0 0 0 0 0 0
1610446008 0 68 14 3 0 0 0 0 0 0 0 0 0
1610446644 0 68 15 3 0 0 0 0 0 0 0 0 0
1610510465 0 68 16 3 0 0 0 0 0 0 0 0 0
1610513116 0 68 17 3 0 0 0 0 0 0 0 0 0
1610530217 0 69 17 3 0 0 0 0 0 0 0 0 0
1610540457 0 70 18 3 0 0 0 0 0 0 0 0 0
1610546028 0 71 18 3 0 0 0 0 0 0 0 0 0
1610546186 0 72 18 3 0 0 0 0 0 0 0 0 0
1610546750 0 73 18 3 0 0 0 0 0 0 0 0 0
1610588602 0 74 18 3 0 0 0 0 0 0 0 0 0
1610589273 0 75 18 3 0 0 0 0 0 0 0 0 0
1610590223 0 76 18 3 0 0 0 0 0 0 0 0 0
1610610967 0 76 18 3 0 0 1 0 0 0 0 0 0
1610614247 0 76 18 3 0 0 2 0 0 0 0 0 0
1610676988 0 84 18 3 0 0 2 0 0 0 0 0 0
1610939393 0 85 18 3 0 0 2 0 0 0 0 0 0
1610951348 0 86 18 3 0 0 2 0 0 0 0 0 0
1610952088 0 87 18 3 0 0 2 0 0 0 0 0 0
1610952495 0 88 18 3 0 0 2 0 0 0 0 0 0
1610954926 0 89 18 3 0 0 2 0 0 0 0 0 0
1610956406 0 90 18 3 0 0 2 0 0 0 0 0 0
1610960327 0 91 18 3 0 0 2 0 0 0 0 0 0
1610961646 0 92 18 3 0 0 2 0 0 0 0 0 0
1610963204 0 93 18 3 0 0 2 0 0 0 0 0 0
1610963375 0 94 18 3 0 0 2 0 0 0 0 0 0
1610965692 0 95 18 3 0 0 2 0 0 0 0 0 0
1610967765 0 96 18 3 0 0 2 0 0 0 0 0 0
1610967776 0 97 18 3 0 0 2 0 0 0 0 0 0
1610967952 0 98 18 3 0 0 2 0 0 0 0 0 0
1610968181 0 99 18 3 0 0 2 0 0 0 0 0 0
1610970412 0 100 18 3 0 0 2 0 0 0 0 0 0
1611021622 0 101 18 3 0 0 2 0 0 0 0 0 0
1611021801 0 102 18 3 0 0 2 0 0 0 0 0 0
1611023057 0 103 18 3 0 0 2 0 0 0 0 0 0
1611028425 0 104 18 3 0 0 2 0 0 0 0 0 0
1611034904 0 105 18 3 0 0 2 0 0 0 0 0 0
1611035670 0 106 18 3 0 0 2 0 0 0 0 0 0
1611035858 0 107 18 3 0 0 2 0 0 0 0 0 0
1611036804 0 108 18 3 0 0 2 0 0 0 0 0 0
1611050915 0 111 18 3 0 0 2 0 0 0 0 0 0
1611120345 0 112 18 3 0 0 2 0 0 0 0 0 0
1611121107 0 113 18 3 0 0 2 0 0 0 0 0 0
1611121160 0 114 18 3 0 0 2 0 0 0 0 0 0
1611125150 0 115 18 3 0 0 2 0 0 0 0 0 0
1611125583 0 116 18 3 0 0 2 0 0 0 0 0 0
1611226586 0 116 19 3 0 0 2 0 0 0 0 0 0
1611289351 0 116 20 3 0 0 2 0 0 0 0 0 0
1611290035 0 116 21 3 0 0 2 0 0 0 0 0 0
1611290772 0 116 22 3 0 0 2 0 0 0 0 0 0
1611290951 0 116 23 3 0 0 2 0 0 0 0 0 0
1611290988 0 116 24 3 0 0 2 0 0 0 0 0 0
1611293133 0 116 25 3 0 0 2 0 0 0 0 0 0
1611293330 0 116 26 3 0 0 2 0 0 0 0 0 0
1611293579 0 116 27 3 0 0 2 0 0 0 0 0 0
1611294834 0 117 27 3 0 0 2 0 0 0 0 0 0
1611295416 0 118 27 3 0 0 2 0 0 0 0 0 0
1611295745 0 119 27 3 0 0 2 0 0 0 0 0 0
1611297076 0 120 27 3 0 0 2 0 0 0 0 0 0
1611303385 0 121 27 3 0 0 2 0 0 0 0 0 0
1611303671 0 125 27 3 0 0 2 0 0 0 0 0 0
1611305711 0 126 28 3 0 0 2 0 0 0 0 0 0
1611305924 0 126 29 3 0 0 2 0 0 0 0 0 0
1611315015 0 127 29 3 0 0 2 0 0 0 0 0 0
1611315040 0 128 29 3 0 0 2 0 0 0 0 0 0
1611315058 0 129 29 3 0 0 2 0 0 0 0 0 0
1611315104 0 130 29 3 0 0 2 0 0 0 0 0 0
1611315649 0 131 29 3 0 0 2 0 0 0 0 0 0
1611315899 0 132 29 3 0 0 2 0 0 0 0 0 0
1611325292 0 133 29 3 0 0 2 0 0 0 0 0 0
1611370853 0 133 30 3 0 0 2 0 0 0 0 0 0
1611370920 0 135 32 3 0 0 2 0 0 0 0 0 0
1611405440 0 135 33 3 0 0 2 0 0 0 0 0 0
1611547219 0 136 33 3 0 0 2 0 0 0 0 0 0
1611547763 0 137 33 3 0 0 2 0 0 0 0 0 0
1611558159 0 138 33 3 0 0 2 0 0 0 0 0 0
1611666551 0 139 33 3 0 0 2 0 0 0 0 0 0
1611666560 0 140 33 3 0 0 2 0 0 0 0 0 0
1611667176 0 141 33 3 0 0 2 0 0 0 0 0 0
1611668814 0 142 33 3 0 0 2 0 0 0 0 0 0
1611714208 0 143 33 3 0 0 2 0 0 0 0 0 0
1611716078 0 144 33 3 0 0 2 0 0 0 0 0 0
1611719009 0 144 33 4 0 0 2 0 0 0 0 0 0
1611719027 0 144 33 5 0 0 2 0 0 0 0 0 0
1611719055 0 144 33 6 0 0 2 0 0 0 0 0 0
1611720284 0 144 33 7 0 0 2 0 0 0 0 0 0
1611720392 0 144 33 8 0 0 2 0 0 0 0 0 0
1611720482 0 144 33 9 0 0 2 0 0 0 0 0 0
1611729360 0 144 33 10 0 0 2 0 0 0 0 0 0
1611735994 0 145 33 10 0 0 2 0 0 0 0 0 0
1611744290 0 146 33 10 0 0 2 0 0 0 0 0 0
1611747321 0 146 33 11 0 0 2 1 0 0 0 0 0
1611748270 0 146 33 12 0 0 2 1 0 0 0 0 0
1611748311 0 146 33 13 0 0 2 1 0 0 0 0 0
1611748757 0 146 33 14 0 0 2 1 0 0 0 0 0
1611748872 0 146 33 15 0 0 2 1 0 0 0 0 0
1611806870 0 146 33 16 0 0 2 1 0 0 0 0 0
1611824579 0 146 33 17 0 0 2 1 0 0 0 0 0
1611830263 0 147 33 17 0 0 2 1 0 0 0 0 0
1611967316 0 147 33 17 0 0 2 1 0 1 0 0 0
1612146915 0 148 33 17 0 0 2 1 0 1 0 0 0
1612147126 0 149 33 17 0 0 2 1 0 1 0 0 0
1612148773 0 150 33 17 0 0 2 1 0 1 0 0 0
1612149897 0 151 33 17 0 0 2 1 0 1 0 0 0
1612153048 0 151 33 18 0 0 2 1 0 1 0 0 0
1612153280 0 151 33 19 0 0 2 1 0 1 0 0 0
1612160751 0 151 33 20 0 0 2 1 0 1 0 0 0
1612194909 0 151 33 21 0 0 2 1 0 1 0 0 0
1612236455 0 151 33 22 0 0 2 1 0 1 0 0 0
1612239596 0 152 33 22 0 0 2 1 0 1 0 0 0
1612265430 0 153 33 22 0 0 2 1 0 1 0 0 0
1612320269 0 154 33 22 0 0 2 1 0 1 0 0 0
1612320303 0 155 33 22 0 0 2 1 0 1 0 0 0
1612322305 0 156 33 22 0 0 2 1 0 1 0 0 0
1612323190 0 157 33 22 0 0 2 1 0 1 0 0 0
1612327404 0 158 33 22 0 0 2 1 0 1 0 0 0
1612329163 0 159 33 22 0 0 2 1 0 1 0 0 0
1612333019 0 160 33 22 0 0 2 1 0 1 0 0 0
1612403841 0 161 33 22 0 0 2 1 0 1 0 0 0
1612403951 0 162 33 22 0 0 2 1 0 1 0 0 0
1612405003 0 163 33 22 0 0 2 1 0 1 0 0 0
1612407979 0 164 33 22 0 0 2 1 0 1 0 0 0
1612418108 0 165 33 22 0 0 2 1 0 1 0 0 0
1612420700 0 166 33 22 0 0 2 1 0 1 0 0 0
1612429471 0 166 33 23 0 0 2 1 0 1 0 0 0
1612443362 0 166 33 24 0 0 2 1 0 1 0 0 0
1612667261 0 167 33 24 0 0 2 1 0 1 0 0 0
1612667965 0 168 33 24 0 0 2 1 0 1 0 0 0
1612669304 0 169 33 24 0 0 2 1 0 1 0 0 0
1612669912 0 170 33 29 0 0 2 1 0 1 0 0 0
1612673890 0 170 33 30 0 0 2 1 0 1 0 0 0
1612679591 0 170 33 31 0 0 2 1 0 1 0 0 0
1612680291 0 171 33 31 0 0 2 1 0 1 0 0 0
1612681270 0 172 33 31 0 0 2 1 0 1 0 0 0
1612681630 0 173 33 31 0 0 2 1 0 1 0 0 0
1612689343 0 174 33 31 0 0 2 1 0 1 0 0 0
1612690871 0 175 33 31 0 0 2 1 0 1 0 0 0
1612691104 0 176 33 31 0 0 2 1 0 1 0 0 0
1612691244 0 177 33 31 0 0 2 1 0 1 0 0 0
1612691390 0 178 33 31 0 0 2 1 0 1 0 0 0
1612691529 0 179 33 31 0 0 2 1 0 1 0 0 0
1612692867 0 180 33 31 0 0 2 1 0 1 0 0 0
1613700448 0 181 33 31 0 0 2 1 0 1 0 0 0
1613809338 0 181 34 31 0 0 2 1 0 1 0 0 0
1613809349 0 181 35 31 0 0 2 1 0 1 0 0 0
1613810317 0 181 36 31 0 0 2 1 0 1 0 0 0
1613818309 0 184 37 31 0 0 2 1 0 1 0 0 0
1613870025 0 185 37 31 0 0 2 1 0 1 0 0 0
1613961706 0 186 37 31 0 0 2 1 0 1 0 0 0
1613964094 0 187 37 31 0 0 2 1 0 1 0 0 0
1613966653 0 188 37 31 0 0 2 1 0 1 0 0 0
1613966830 0 189 37 31 0 0 2 1 0 1 0 0 0
1613967310 0 190 37 31 0 0 2 1 0 1 0 0 0
1613978274 0 191 37 31 0 0 2 1 0 1 0 0 0
1613978395 0 192 37 31 0 0 2 1 0 1 0 0 0
1613978846 0 193 37 31 0 0 2 1 0 1 0 0 0
1613978978 0 194 37 31 0 0 2 1 0 1 0 0 0
1613979590 0 195 37 31 0 0 2 1 0 1 0 0 0
1613983202 0 196 37 31 0 0 2 1 0 1 0 0 0
1613986393 0 197 37 31 0 0 2 1 0 1 0 0 0
1613988325 0 198 37 31 0 0 2 1 0 1 0 0 0
1613989334 0 199 37 31 0 0 2 1 0 1 0 0 0
1613992028 0 200 37 31 0 0 2 1 0 1 0 0 0
1613993686 0 201 37 31 0 0 2 1 0 1 0 0 0
1613997038 0 201 38 31 0 0 2 1 0 1 0 0 0
1614000423 0 202 38 32 0 0 2 1 0 1 0 0 0
1614003003 0 203 38 32 0 0 2 1 0 1 0 0 0
1614040946 0 204 38 32 0 0 2 1 0 1 0 0 0
1614043886 0 205 38 32 0 0 2 1 0 1 0 0 0
1614047572 0 206 38 32 0 0 2 1 0 1 0 0 0
1614049294 0 207 38 32 0 0 2 1 0 1 0 0 0
1614049916 0 208 38 32 0 0 2 1 0 1 0 0 0
1614051337 0 209 38 32 0 0 2 1 0 1 0 0 0
1614051826 0 210 38 33 0 0 2 1 0 1 0 0 0
1614053118 0 211 38 33 0 0 2 1 0 1 0 0 0
1614053730 0 212 38 33 0 0 2 1 0 1 0 0 0
1614063281 0 213 38 33 0 0 2 1 0 1 0 0 0
1614074622 0 214 38 33 0 0 2 1 0 1 0 0 0
1614129572 0 215 38 33 0 0 2 1 0 1 0 0 0
1614129662 0 216 38 33 0 0 2 1 0 1 0 0 0
1614130925 0 217 38 33 0 0 2 1 0 1 0 0 0
1614131379 0 218 38 33 0 0 2 1 0 1 0 0 0
1614149831 0 218 38 34 0 0 2 1 0 1 0 0 0
1614149929 0 218 38 35 0 0 2 1 0 1 0 0 0
1614150122 0 218 38 36 0 0 2 1 0 1 0 0 0
1614151934 0 218 38 37 0 0 2 1 0 1 0 0 0
1614154211 0 219 38 37 0 0 2 1 0 1 0 0 0
1614154260 0 220 38 37 0 0 2 1 0 1 0 0 0
1614212932 0 221 38 37 0 0 2 1 0 2 0 0 0
1614215034 0 222 38 37 0 0 2 1 0 2 0 0 0
1614220931 0 223 38 37 0 0 2 1 0 2 0 0 0
1614221412 0 224 38 37 0 0 2 1 0 2 0 0 0
1614221425 0 225 38 37 0 0 2 1 0 2 0 0 0
1614221430 0 226 38 37 0 0 2 1 0 2 0 0 0
1614222456 0 227 38 37 0 0 2 1 0 2 0 0 0
1614224920 0 228 38 37 0 0 2 1 0 2 0 0 0
1614226500 0 229 38 37 0 0 2 1 0 2 0 0 0
1614226795 0 230 39 37 0 0 2 1 0 2 0 0 0
1614226888 0 230 40 37 0 0 2 1 0 2 0 0 0
1614229440 0 231 40 37 0 0 2 1 0 2 0 0 0
1614239428 0 232 40 37 0 0 2 1 0 2 0 0 0
1614241964 0 233 40 37 0 0 2 1 0 2 0 0 0
1614242372 0 233 40 38 0 0 2 1 0 2 0 0 0
1614243314 0 233 40 39 0 0 2 1 0 2 0 0 0
1614248886 0 234 40 39 0 0 2 1 0 2 0 0 0
1614248893 0 235 40 39 0 0 2 1 0 2 0 0 0
1614250927 0 236 40 39 0 0 2 1 0 2 0 0 0
1614250943 0 237 40 39 0 0 2 1 0 2 0 0 0
1614251746 0 238 40 39 0 0 2 1 0 2 0 0 0
1614269859 0 239 40 39 0 0 2 1 0 2 0 0 0
1614272119 0 240 40 39 0 0 2 1 0 2 0 0 0
1614330137 0 241 40 39 0 0 2 1 0 2 0 0 0
1614330314 0 242 40 39 0 0 2 1 0 2 0 0 0
1614330340 0 243 40 39 0 0 2 1 0 2 0 0 0
1614334383 0 244 40 39 0 0 2 1 0 2 0 0 0
1614387140 0 245 40 39 0 0 2 1 0 2 0 0 0
1614437621 0 246 40 39 0 0 2 1 0 2 0 0 0
1614438078 0 247 40 39 0 0 2 1 0 2 0 0 0
1614475988 0 248 40 39 0 0 2 1 0 2 0 0 0
1614581673 0 248 40 40 0 0 2 1 0 2 0 0 0
1614581697 0 248 40 41 0 0 2 1 0 2 0 0 0
1614582245 0 248 40 42 0 0 2 1 0 2 0 0 0
1614583799 0 248 40 43 0 0 2 1 0 2 0 0 0
1614585486 0 248 40 44 0 0 2 1 0 2 0 0 0
1614588090 0 248 40 44 1 0 2 1 0 2 0 0 0
1614588106 0 248 40 44 2 0 2 1 0 2 0 0 0
1614595759 0 249 40 45 2 0 2 1 0 2 0 0 0
1614595953 0 249 40 46 2 0 2 1 0 2 0 0 0
1614601484 0 249 40 47 2 0 2 1 0 2 0 0 0
1614602897 0 249 40 48 2 0 2 1 0 2 0 0 0
1614608936 0 249 40 49 2 0 2 1 0 2 0 0 0
1614611199 0 249 40 50 2 0 2 1 0 2 0 0 0
1614612150 0 249 40 51 2 0 2 1 0 2 0 0 0
1614653834 0 249 40 51 2 0 2 1 1 2 0 0 0
1614668924 0 250 40 53 2 0 2 1 1 2 0 0 0
1614669461 0 250 40 54 2 0 2 1 1 2 0 0 0
1614670894 0 251 40 54 2 0 2 1 1 2 0 0 0
1614672771 0 252 40 54 2 0 2 1 1 2 0 0 0
1614688345 0 253 40 55 2 0 2 1 1 2 0 0 0
1614692975 0 254 40 55 2 0 2 1 1 2 0 0 0
1614732014 0 255 40 55 2 0 2 1 1 2 0 0 0
1614732188 0 256 40 55 2 0 2 1 1 2 0 0 0
1614732464 0 257 40 55 2 0 2 1 1 2 0 0 0
1614735230 0 257 40 56 2 0 2 1 1 2 0 0 0
1614737233 0 257 40 57 2 0 2 1 1 2 0 0 0
1614738547 0 257 40 58 2 0 2 1 1 2 0 0 0
1614744477 0 257 41 58 2 0 2 1 1 2 0 0 0
1614763734 0 257 42 58 2 0 2 1 1 2 0 0 0
1614763884 0 257 43 58 2 0 2 1 1 2 0 0 0
1614826232 0 258 45 58 2 0 2 1 1 2 0 0 0
1614848056 0 258 46 58 2 0 2 1 1 2 0 0 0
1614855738 0 258 47 58 2 0 2 1 1 2 0 0 0
1614857285 0 258 48 58 2 0 2 1 1 2 0 0 0
1614868362 0 258 49 58 2 0 2 1 1 2 0 0 0
1614869485 0 258 50 58 2 0 2 1 1 2 0 0 0
1614872485 0 258 51 58 2 0 2 1 1 2 0 0 0
1614910481 0 258 52 58 2 0 2 1 1 2 0 0 0
1614912101 0 258 53 58 2 0 2 1 1 2 0 0 0
1614912628 0 258 54 58 2 0 2 1 1 2 0 0 0
1614912795 0 258 55 58 2 0 2 1 1 2 0 0 0
1614922601 0 258 56 58 2 0 2 1 1 2 0 0 0
1614927352 0 261 56 59 2 0 2 1 2 2 0 0 0
1614932066 0 261 56 59 2 0 2 1 3 2 0 0 0
1614933277 0 262 56 59 2 0 2 1 3 2 0 0 0
1614933983 0 263 56 59 2 0 2 1 3 2 0 0 0
1614940240 0 264 56 59 2 0 2 1 3 2 0 0 0
1614940517 0 265 56 59 2 0 2 1 3 2 0 0 0
1614940817 0 266 60 59 2 0 2 1 3 2 0 0 0
1614993663 0 266 61 59 2 0 2 1 3 2 0 0 0
1615086755 0 266 62 59 2 0 2 1 3 2 0 0 0
1615086783 0 266 63 59 2 0 2 1 3 2 0 0 0
1615170781 0 267 63 59 2 0 2 1 3 2 0 0 0
1615172498 0 268 63 59 2 0 2 1 3 2 0 0 0
1615173144 0 269 63 59 2 0 2 1 3 2 0 0 0
1615173165 0 270 63 59 2 0 2 1 3 2 0 0 0
1615173262 0 271 63 59 2 0 2 1 3 2 0 0 0
1615173512 0 272 63 59 2 0 2 1 3 2 0 0 0
1615173654 0 273 63 59 2 0 2 1 3 2 0 0 0
1615175551 0 274 63 59 2 0 2 1 3 2 0 0 0
1615178905 0 275 63 59 2 0 2 1 3 2 0 0 0
1615198538 0 276 63 59 2 0 2 1 3 2 0 0 0
1615200451 0 277 63 59 2 0 2 1 3 2 0 0 0
1615203645 0 278 69 59 2 0 2 1 3 2 0 0 0
1615211984 0 279 69 59 2 0 2 1 3 2 0 0 0
1615216162 0 279 70 59 2 0 2 1 3 2 0 0 0
1615255939 0 280 70 59 2 0 2 1 3 2 0 0 0
1615255963 0 281 73 59 2 0 2 1 3 2 0 0 0
1615270182 0 282 73 59 2 0 2 1 3 2 0 0 0
1615270204 0 283 73 59 2 0 2 1 3 2 0 0 0
1615272989 0 284 73 59 2 0 2 1 3 2 0 0 0
1615273009 0 285 73 59 2 0 2 1 3 2 0 0 0
1615273032 0 286 73 59 2 0 2 1 3 2 0 0 0
1615273058 0 287 73 59 2 0 2 1 3 2 0 0 0
1615277670 0 288 73 59 2 0 2 1 3 2 0 0 0
1615278166 0 289 73 59 2 0 2 1 3 2 0 0 0
1615279846 0 290 73 59 2 0 2 1 3 2 0 0 0
1615284046 0 290 74 59 2 0 2 1 3 2 0 0 0
1615291196 0 291 74 59 2 0 2 1 3 2 0 0 0
1615338947 0 292 74 59 2 0 2 1 3 2 0 0 0
1615339343 0 293 74 59 2 0 2 1 3 2 0 0 0
1615339975 0 294 74 59 2 0 2 1 3 2 0 0 0
1615343095 0 295 74 59 2 0 2 1 3 2 0 0 0
1615359275 0 295 74 59 2 0 3 1 3 2 0 0 0
1615359332 0 295 74 59 2 0 4 1 3 2 0 0 0
1615360155 0 295 74 59 2 0 5 1 3 2 0 0 0
1615366003 0 295 74 59 2 0 6 1 3 2 0 0 0
1615383056 0 297 75 59 2 0 6 1 3 2 0 0 0
1615423969 0 298 76 59 2 0 6 1 3 2 0 0 0
1615438729 0 298 76 60 2 0 6 1 3 2 0 0 0
1615501834 0 299 76 60 2 0 6 1 3 2 0 0 0
1615512330 0 299 77 60 2 0 6 1 3 2 0 0 0
1615517600 0 299 78 60 2 0 6 1 3 2 0 0 0
1615519640 0 299 79 60 2 0 6 1 3 2 0 0 0
1615520954 0 299 80 60 2 0 6 1 3 2 0 0 0
1615521078 0 299 81 60 2 0 6 1 3 2 0 0 0
1615530295 0 300 81 60 2 0 6 1 3 2 0 0 0
1615530968 0 301 81 60 2 0 6 1 3 2 0 0 0
1615531641 0 302 81 60 2 0 7 1 3 2 0 0 0
1615551949 0 302 81 60 2 0 8 1 3 2 0 0 0
1615777276 0 302 82 60 2 0 8 1 3 2 0 0 0
1615786666 0 303 82 60 2 0 9 1 3 2 0 0 0
1615796087 0 304 82 60 2 0 9 1 3 2 0 0 0
1615796110 0 305 82 60 2 0 9 1 3 2 0 0 0
1615821697 0 306 82 60 2 0 9 1 3 2 0 0 0
1615821720 0 307 82 60 2 0 9 1 3 2 0 0 0
1615853272 0 308 82 60 2 0 9 1 3 2 0 0 0
1615864315 0 309 82 60 2 0 9 1 3 2 0 0 0
1615875695 0 310 82 60 2 0 9 1 3 2 0 0 0
1615949546 0 311 82 60 2 0 9 1 3 2 0 0 0
1615964614 0 312 82 60 2 0 9 1 3 2 0 0 0
1615964623 0 313 82 60 2 0 9 1 3 2 0 0 0
1616037215 0 314 82 60 2 0 9 1 3 2 0 0 0
1616055793 0 314 82 60 2 1 9 1 3 2 0 0 0
1616059933 0 314 82 60 2 2 9 1 3 2 0 0 0
1616060677 0 316 82 60 2 3 9 1 3 2 0 0 0
1616121252 0 317 82 60 2 3 9 1 3 2 0 0 0
1616130997 0 318 82 60 2 3 9 1 3 2 0 0 0
1616149855 0 318 82 60 2 3 9 1 3 2 0 1 0
1616149892 0 318 82 60 2 3 9 1 3 2 0 2 0
1616149937 0 318 82 60 2 3 9 1 3 2 0 3 0
1616149965 0 318 82 60 2 3 9 1 3 2 0 4 0
1616219968 0 319 82 60 2 3 9 1 3 2 0 4 0
1616320370 0 320 82 60 2 3 9 1 3 2 0 4 0
1616377661 0 321 82 60 2 3 9 1 3 2 0 4 0
1616378931 0 322 82 61 2 3 9 1 3 2 0 4 0
1616380012 0 323 82 61 2 3 9 1 3 2 0 4 0
1616380899 0 324 82 61 2 3 9 1 3 2 0 4 0
1616394491 0 325 82 61 2 3 9 1 3 2 0 4 0
1616402031 0 325 83 62 2 3 9 1 3 2 0 4 0
1616423855 0 325 84 62 2 3 9 1 3 2 0 4 0
1616453675 0 326 84 62 2 3 9 1 3 2 0 4 0
1616455023 0 327 84 62 2 3 9 1 3 2 0 4 0
1616470484 0 328 84 62 2 3 9 1 3 2 0 4 0
1616472943 0 329 84 62 2 3 9 1 3 2 0 4 0
1616481531 0 330 84 62 2 3 9 1 3 2 0 4 0
1616492419 0 331 84 62 2 3 9 1 3 2 0 4 0
1616503057 0 331 84 66 2 4 9 1 3 2 0 4 0
1616504989 0 331 84 67 2 4 9 1 3 2 0 4 0
1616509906 0 331 84 68 2 4 9 1 3 2 0 4 0
1616510422 0 331 84 69 2 4 9 1 3 2 0 4 0
1616554962 0 331 84 70 2 4 9 1 3 2 0 4 0
1616555450 0 331 89 71 2 4 9 1 3 2 0 4 0
1616591869 0 331 89 72 2 4 9 1 3 2 0 4 0
1616599728 0 332 89 72 2 4 9 1 3 2 0 4 0
1616633475 0 333 89 72 2 4 9 1 3 2 0 4 0
1616633907 0 337 89 72 2 4 9 1 3 2 0 4 0
1616640395 0 338 89 72 2 4 9 1 3 2 0 4 0
1616644050 0 338 90 72 2 4 9 1 3 2 0 4 0
1616645163 0 339 90 72 2 4 9 1 3 2 0 4 0
1616646920 0 340 90 72 2 4 9 1 3 2 0 4 0
1616647968 0 341 90 72 2 4 9 1 3 2 0 4 0
1616678573 0 342 90 72 2 4 9 1 3 2 0 4 0
1616678596 0 343 90 72 2 4 9 1 3 2 0 4 0
1616678691 0 344 90 72 2 4 9 1 3 2 0 4 0
1616689839 0 344 90 73 2 4 9 1 3 2 0 4 0
1616724332 0 345 90 73 2 4 9 1 3 2 0 4 0
1616729336 0 346 90 74 2 4 9 1 3 2 0 4 0
1616730540 0 346 90 75 2 4 9 1 3 2 0 4 0
1616730659 0 346 90 76 2 4 9 1 3 2 0 4 0
1616731878 0 346 90 76 2 5 9 1 3 2 0 4 0
1616734404 0 346 90 77 2 5 9 1 3 2 0 4 0
1616735496 0 346 90 78 2 5 9 1 3 2 0 4 0
1616735992 0 349 90 78 2 5 9 1 3 2 0 4 0
1616755557 0 350 90 83 2 5 9 1 3 2 0 4 0
1616756415 0 350 90 84 2 5 9 1 3 2 0 4 0
1616762303 0 351 90 84 2 5 9 1 3 2 0 4 0
1616765329 0 352 90 84 2 5 9 1 3 2 0 4 0
1616807992 0 353 90 84 2 5 9 1 3 2 0 4 0
1616808155 0 354 90 84 2 5 9 1 3 2 0 4 0
1616808544 0 355 90 84 2 5 9 1 3 2 0 4 0
1616810509 0 356 90 84 2 5 9 1 3 2 0 4 0
1616829637 0 357 90 84 2 5 9 1 3 2 0 4 0
1616830810 0 358 90 84 2 5 9 1 3 2 0 4 0
1616980945 0 359 90 84 2 5 9 1 3 2 0 4 0
1616982205 0 360 90 84 2 5 9 1 3 2 0 4 0
1616984576 0 361 90 84 2 5 9 1 3 2 0 4 0
1616984944 0 362 90 84 2 5 9 1 3 2 0 4 0
1616990611 0 363 90 84 2 5 9 1 3 2 0 4 0
1616999043 0 363 90 84 2 6 9 1 3 2 0 4 0
1617000247 0 363 90 84 2 7 9 1 3 2 0 4 0
1617008722 0 363 90 85 2 7 9 1 3 2 0 4 0
1617008744 0 364 90 86 2 7 9 1 3 2 0 4 0
1617013423 0 365 90 86 2 7 9 1 3 2 0 4 0
1617024924 0 365 90 87 2 7 9 1 3 2 0 4 0
1617058576 0 366 90 87 2 7 9 1 3 2 0 4 0
1617080424 0 367 90 88 2 7 9 1 3 2 0 4 0
1617091771 0 368 90 88 2 7 9 1 3 2 0 4 0
1617095823 0 368 90 89 2 7 9 1 3 2 0 4 0
1617105471 0 369 90 89 2 7 9 1 3 2 0 4 0
1617173448 0 370 90 89 2 7 9 1 3 2 0 4 0
1617180861 0 370 90 90 2 7 9 1 3 2 0 4 0
1617253106 0 378 90 90 2 7 9 1 3 2 0 4 0
1617268237 0 378 91 90 2 7 9 1 3 2 0 4 0
1617269502 0 378 92 90 2 7 9 1 3 2 0 4 0
1617269537 0 378 93 90 2 7 9 1 3 2 0 4 0
1617272724 0 378 94 90 2 7 9 1 3 2 0 4 0
1617331007 0 378 94 90 2 8 9 1 3 2 0 4 0
1617335533 0 378 94 90 2 9 9 1 3 2 0 4 0
1617337417 0 378 94 90 2 9 9 1 3 2 0 4 1
1617358890 0 379 94 90 2 9 9 1 3 2 0 4 1
1617429041 0 381 94 91 2 9 9 1 3 2 0 4 1
1617499502 0 382 94 91 2 9 9 1 3 2 0 4 1
1617499572 0 383 94 91 2 9 9 1 3 2 0 4 1
1617672391 0 384 94 91 2 9 9 1 3 2 0 4 1
1617674757 0 385 94 91 2 9 9 1 3 2 0 4 1
1617677358 0 386 94 91 2 9 9 1 3 2 0 4 1
1617677779 0 387 94 92 2 9 9 1 3 2 0 4 1
1617678756 0 388 94 92 2 9 9 1 3 2 0 4 1
1617678951 0 389 94 92 2 9 9 1 3 2 0 4 1
1617679311 0 390 94 92 2 9 9 1 3 2 0 4 1
1617682593 0 390 95 92 2 9 9 1 3 2 0 4 1
1617682776 0 390 96 92 2 9 9 1 3 2 0 4 1
1617682945 0 390 97 92 2 9 9 1 3 2 0 4 1
1617697903 0 390 98 92 2 9 9 1 3 2 0 4 1
1617699055 0 391 98 92 2 9 9 1 3 2 0 4 1
1617700005 0 391 99 92 2 9 9 1 3 2 0 4 1
1617704490 0 391 99 93 2 9 9 1 3 2 0 4 1
1617708224 0 391 99 94 2 9 9 1 3 2 0 4 1
1617712086 0 391 99 95 2 9 9 1 3 2 0 4 1
1617721780 0 392 99 95 2 9 9 1 3 2 0 4 1
1617723436 0 393 99 95 2 9 9 1 3 2 0 4 1
1617757358 0 393 100 95 2 9 9 1 3 2 0 4 1
1617757905 0 394 100 95 2 9 9 1 3 2 0 4 1
1617765920 0 394 100 96 2 9 9 1 3 2 0 4 1
1617785607 0 395 100 96 2 9 9 1 3 2 0 4 1
1617786412 0 395 100 96 2 9 9 1 3 3 0 4 1
1617878571 0 398 100 96 2 10 9 1 3 3 0 4 1
1617929513 0 399 100 96 2 10 9 1 3 3 0 4 1
1617930719 0 400 100 96 2 10 9 1 3 3 0 4 1
1617933374 0 401 100 96 2 10 9 1 3 3 0 4 1
1617933423 0 402 100 96 2 10 9 1 3 3 0 4 1
1617940991 0 403 100 96 2 10 9 1 3 3 0 4 1
1617966756 0 403 100 96 2 11 9 1 3 3 0 4 1
1618049606 0 404 100 96 2 11 9 1 3 3 0 4 1
1618049744 0 408 100 96 2 11 9 1 3 3 0 4 1
1618241640 0 409 100 96 2 11 9 1 3 3 0 4 1
1618414214 0 409 101 96 2 11 9 1 3 3 0 4 1
1618449727 0 410 101 96 2 11 9 1 3 3 0 4 1
1618452799 0 410 102 96 2 11 9 1 3 3 0 4 1
1618452994 0 410 103 96 2 11 9 1 3 3 0 4 1
1618461998 0 410 103 96 2 11 9 2 3 3 0 4 1
1618480510 0 410 103 96 3 11 9 2 3 3 0 4 1
1618484135 0 410 104 96 4 11 9 2 3 3 0 4 1
1618484249 0 410 105 96 4 11 9 2 3 3 0 4 1
1618538656 0 411 105 96 4 11 9 2 3 3 0 4 1
1618547907 0 411 105 96 5 11 9 2 3 3 0 4 1
1618556527 0 412 105 96 5 11 9 2 3 3 0 4 1
1618815191 0 412 105 96 5 11 9 3 3 3 0 4 1
1618818629 0 412 105 96 5 11 9 4 3 3 0 4 1
1618824184 0 412 105 96 5 11 9 5 3 3 0 4 1
1618837767 0 412 105 96 5 11 10 5 3 3 0 4 1
1618838949 0 412 105 96 5 11 11 5 3 3 0 4 1
1618889329 0 412 106 96 5 11 11 5 3 3 0 4 1
1618891367 0 412 107 96 5 11 11 6 3 3 0 4 1
1618901156 0 412 107 96 5 11 11 7 3 3 0 4 1
1618902248 0 412 107 96 5 11 11 8 3 3 0 4 1
1618902434 0 412 107 96 5 11 11 9 3 3 0 4 1
1618903058 0 412 107 96 5 11 11 10 3 3 0 4 1
1618905299 0 412 107 96 5 11 11 11 3 3 0 4 1
1618908145 0 412 107 96 5 11 11 12 3 3 0 4 1
1618909748 0 412 107 96 5 11 11 13 3 3 0 4 1
1618909927 0 412 107 96 5 11 11 14 3 3 0 4 1
1618910998 0 412 107 96 5 11 11 15 3 3 0 4 1
1618912294 0 412 107 96 5 11 11 16 3 3 0 4 1
1618929893 0 413 107 96 5 11 11 16 3 3 0 4 1
1618931835 0 414 107 96 5 11 11 16 3 3 0 4 1
1618978411 0 414 108 96 5 11 11 16 3 3 0 4 1
1618979109 0 414 109 96 5 11 11 16 3 3 0 4 1
1618979183 0 414 110 96 5 11 11 17 3 3 0 4 1
1618980140 0 414 110 96 5 11 12 17 3 3 0 4 1
1618991554 0 414 110 96 5 11 13 17 3 3 0 4 1
1618992189 0 414 111 96 5 11 13 18 3 3 0 4 1
1618994334 0 414 112 96 5 11 13 18 3 3 0 4 1
1618996384 0 414 113 96 5 11 13 18 3 3 0 4 1
1618997343 0 414 114 96 5 11 13 18 3 3 0 4 1
1618997742 0 414 114 96 5 11 14 18 3 3 0 4 1
1618998420 0 414 115 96 5 11 14 18 3 3 0 4 1
1618999355 0 414 116 96 5 11 14 18 3 3 0 4 1
1619005171 0 414 117 96 5 11 15 18 3 3 0 4 1
1619009686 0 414 118 96 5 11 15 18 3 3 0 4 1
1619011966 0 414 119 96 5 11 15 18 3 3 0 4 1
1619014486 0 414 120 96 5 11 15 18 3 3 0 4 1
1619061797 0 414 120 96 5 11 15 19 3 3 0 4 1
1619062725 0 414 120 96 5 11 15 20 3 3 0 4 1
1619064000 0 414 120 96 5 11 15 21 3 3 0 4 1
1619066437 0 415 120 96 5 11 15 21 3 3 0 4 1
1619067499 0 415 120 97 5 11 15 21 3 3 0 4 1
1619072363 0 416 121 97 5 11 15 21 3 3 0 4 1
1619089350 0 416 122 97 5 11 15 21 3 3 0 4 1
1619093644 0 416 123 97 5 11 15 21 3 3 0 4 1
1619096098 0 416 124 97 5 11 15 21 3 3 0 4 1
1619098069 0 417 124 97 5 11 15 21 3 3 0 4 1
1619099954 0 417 125 97 5 11 15 21 3 3 0 4 1
1619102799 0 417 126 97 5 11 15 21 3 3 0 4 1
1619142559 0 417 128 97 5 11 15 21 3 3 0 4 1
1619145307 0 417 129 97 5 11 15 21 3 3 0 4 1
1619147089 0 417 130 97 5 11 15 21 3 3 0 4 1
1619147268 0 417 131 97 5 11 15 21 3 3 0 4 1
1619159753 0 418 131 97 5 11 16 21 3 3 0 4 1
1619163067 0 418 132 97 5 11 16 21 3 3 0 4 1
1619164189 0 418 133 97 5 11 16 21 3 3 0 4 1
1619164407 0 418 134 97 5 11 16 21 3 3 0 4 1
1619164613 0 418 134 97 5 11 17 21 3 3 0 4 1
1619168960 0 419 134 97 5 11 17 21 3 3 0 4 1
1619169004 0 420 134 98 5 11 17 21 3 3 0 4 1
1619334029 0 420 134 98 5 11 17 22 3 3 0 4 1
1619337404 0 420 134 98 5 11 17 23 3 3 0 4 1
1619341132 0 420 134 98 5 11 17 24 3 3 0 4 1
1619348844 0 420 137 98 5 11 17 25 3 3 0 4 1
1619350303 0 420 138 98 5 11 17 25 3 3 0 4 1
1619354548 0 420 139 98 5 11 17 25 3 3 0 4 1
1619354565 0 420 140 98 5 11 17 25 3 3 0 4 1
1619419792 0 420 140 98 5 11 17 25 3 3 1 4 1
1619419802 0 420 140 98 5 11 17 25 3 3 2 4 1
1619421307 0 420 140 98 5 11 17 25 3 3 3 4 1
1619423887 0 420 140 98 5 11 17 26 3 3 3 4 1
1619448570 0 420 141 98 5 11 17 26 3 3 3 4 1
1619488478 0 420 141 98 5 11 17 26 3 3 4 4 1
1619494948 0 421 141 98 5 11 17 26 3 3 4 4 1
1619494981 0 422 141 98 5 11 17 26 3 3 4 4 1
1619496589 0 423 141 98 5 11 17 26 3 3 4 4 1
1619581860 0 423 142 98 5 11 17 26 3 3 4 4 1
1619594312 0 423 143 98 5 11 17 26 3 3 4 4 1
1619595204 0 424 143 98 5 11 17 26 3 3 4 4 1
1619596333 0 425 143 98 5 11 17 26 3 3 4 4 1
1619597362 0 426 143 98 5 11 17 26 3 3 4 4 1
1619599076 0 427 143 98 5 11 17 26 3 3 4 4 1
1619599147 0 428 143 98 5 11 17 26 3 3 4 4 1
1619607220 0 428 143 98 5 11 18 26 3 3 4 4 1
1619640556 0 428 143 99 5 11 18 26 3 3 4 4 1
1619688576 0 428 143 99 6 11 18 26 3 3 4 4 1
1619694010 0 428 143 99 7 11 18 26 3 3 4 4 1
1620291472 0 428 143 99 8 11 18 26 3 3 4 4 1
1620292683 0 428 143 99 9 11 18 26 3 3 4 4 1
1620353217 0 428 143 99 10 11 18 26 3 3 4 4 1
1620361019 0 428 144 99 10 11 18 26 3 3 4 4 1
1620361500 0 428 145 99 10 11 18 26 3 3 4 4 1
1620362682 0 428 146 99 10 11 18 26 3 3 4 4 1
1620366163 0 428 147 99 10 11 18 26 3 3 4 4 1
1620437700 0 429 147 99 10 11 18 26 3 3 4 4 1
1620443071 0 430 147 99 10 11 18 26 3 3 4 4 1
1620447566 0 431 147 99 10 11 18 26 3 3 4 4 1
1620451259 0 431 148 99 10 11 18 26 3 3 4 4 1
1620462840 0 431 148 100 10 11 18 26 3 3 4 4 1
1620613469 0 431 148 101 10 11 18 26 3 3 4 4 1
1620614623 0 431 148 101 10 11 18 27 3 3 4 4 1
1620615049 0 431 149 101 10 11 18 27 3 3 4 4 1
1620617535 0 431 150 101 10 11 18 27 3 3 4 4 1
1620618214 0 431 151 101 10 11 18 27 3 3 4 4 1
1620618282 0 431 151 101 10 11 18 28 3 3 4 4 1
1620621028 0 431 151 101 10 11 18 29 3 3 4 4 1
1620622164 0 431 152 101 10 11 18 29 3 3 4 4 1
1620705707 0 431 153 101 10 11 18 29 3 3 4 4 1
1620744647 0 431 154 101 10 11 18 29 3 3 4 4 1
1620749135 0 431 155 101 10 11 18 29 3 3 4 4 1
1620804380 0 432 156 101 11 11 18 29 3 3 4 4 1
1620808913 0 432 157 101 11 11 18 29 3 3 4 4 1
1620809826 0 432 158 101 11 11 18 29 3 3 4 4 1
1620902868 0 433 158 101 11 11 18 29 3 3 4 4 1
1620954918 0 434 158 101 11 11 18 29 3 3 4 4 1
1620954923 0 434 158 101 11 11 18 30 3 3 4 4 1
1620959573 0 435 158 101 11 11 18 30 3 3 4 4 1
1620964103 0 436 158 101 11 11 18 30 3 3 4 4 1
1620968712 0 437 158 101 11 11 18 30 3 3 4 4 1
1620973154 0 438 158 101 11 11 18 30 3 3 4 4 1
1620977470 0 439 160 101 11 11 18 30 3 3 4 4 1
1620978516 0 439 161 101 11 11 18 30 3 3 4 4 1
1620984179 0 439 161 102 11 11 18 30 3 3 4 4 1
1620985274 0 439 161 103 11 11 18 30 3 3 4 4 1
1620988674 0 439 162 103 11 11 18 30 3 3 4 4 1
1621000980 0 439 162 104 11 11 18 30 3 3 4 4 1
1621001513 0 439 162 105 11 11 18 30 3 3 4 4 1
1621003233 0 439 162 106 11 11 18 30 3 3 4 4 1
1621047270 0 439 162 107 11 11 18 30 3 3 4 4 1
1621047474 0 439 162 108 11 11 18 30 3 3 4 4 1
1621047896 0 439 162 109 11 11 18 30 3 3 4 4 1
1621048352 0 439 163 110 11 11 18 30 3 3 4 4 1
1621076191 0 439 163 112 11 11 18 30 3 4 4 4 1
1621142595 0 439 164 112 11 11 18 30 3 4 4 4 1
1621154080 0 439 165 112 11 11 18 30 3 4 4 4 1
1621214844 0 440 165 112 11 11 18 32 3 4 4 4 1
1621249052 0 440 165 113 11 11 18 32 3 4 4 4 1
1621249216 0 440 165 114 11 11 18 32 3 4 4 4 1
1621255774 0 440 165 115 11 11 18 32 3 4 4 4 1
1621261988 0 440 165 116 11 11 18 32 3 4 4 4 1
1621417579 0 440 165 117 11 11 18 32 3 4 4 4 1
1621421726 0 440 165 118 11 11 18 32 3 4 4 4 1
1621477423 0 441 165 118 11 11 18 32 3 4 4 4 1
1621477866 0 441 165 119 11 11 18 32 3 4 4 4 1
1621479019 0 441 166 119 11 11 18 32 3 4 4 4 1
1621494249 0 442 166 119 11 11 18 32 3 4 4 4 1
1621494290 0 443 166 119 11 11 18 32 3 4 4 4 1
1621494418 0 444 166 119 11 11 18 32 3 4 4 4 1
1621504360 0 445 166 119 11 11 18 32 3 4 4 4 1
1621605735 0 446 166 119 11 11 18 32 3 4 4 4 1
1621842066 0 447 166 119 11 11 18 32 3 4 4 4 1
1621848051 0 448 166 119 11 11 18 32 3 4 4 4 1
1621863396 0 451 167 119 11 11 18 32 3 4 4 4 1
1621915993 0 452 167 119 11 11 18 32 3 4 4 4 1
1621925896 0 453 167 119 11 11 18 32 3 4 4 4 1
1621932658 0 454 167 119 11 11 18 32 3 4 4 4 1
1621933311 0 455 167 119 11 11 18 32 3 4 4 4 1
1621934409 0 456 167 119 11 11 18 32 3 4 4 4 1
1621936029 0 457 167 119 11 11 18 32 3 4 4 4 1
1621936450 0 458 167 119 11 11 18 32 3 4 4 4 1
1621938911 0 459 167 119 11 11 18 32 3 4 4 4 1
1621948553 0 460 167 119 11 11 18 32 3 4 4 4 1
1621989801 0 461 167 119 11 11 18 32 3 4 4 4 1
1621991311 0 462 167 119 11 11 18 32 3 4 4 4 1
1621993555 0 463 167 119 11 11 18 32 3 4 4 4 1
1621993849 0 464 167 119 11 11 18 32 3 4 4 4 1
1622012321 0 465 167 119 11 11 18 32 3 4 4 4 1
1622012371 0 466 170 119 11 11 18 32 3 4 4 4 1
1622014358 0 466 171 119 11 11 18 32 3 4 4 4 1
1622015347 0 466 172 119 11 11 18 32 3 4 4 4 1
1622017117 0 466 173 119 11 11 18 32 3 4 4 4 1
1622036460 0 466 174 119 11 11 18 32 3 4 4 4 1
1622037716 0 466 175 119 11 11 18 32 3 4 4 4 1
1622038127 0 466 176 119 11 11 18 32 3 4 4 4 1
1622040651 0 467 177 119 11 11 18 32 3 4 4 4 1
1622077546 0 468 177 119 11 11 18 32 3 4 4 4 1
1622079623 0 468 178 119 11 11 18 32 3 4 4 4 1
1622099520 0 468 179 119 11 11 18 32 3 4 4 4 1
1622099971 0 468 180 119 11 11 18 32 3 4 4 4 1
1622101635 0 468 181 119 11 11 18 32 3 4 4 4 1
1622102726 0 469 181 119 11 11 18 32 3 4 4 4 1
1622102921 0 470 181 119 11 11 18 32 3 4 4 4 1
1622103074 0 471 181 119 11 11 18 32 3 4 4 4 1
1622103787 0 472 181 119 11 11 18 32 3 4 4 4 1
1622107156 0 472 182 119 11 11 18 32 3 4 4 4 1
1622108326 0 473 182 119 11 11 18 32 3 4 4 4 1
1622165595 0 473 183 120 11 11 18 32 3 4 4 4 1
1622168477 0 473 184 120 11 11 18 32 3 4 4 4 1
1622170298 0 473 185 120 11 11 18 32 3 4 4 4 1
1622171055 0 473 186 120 11 11 18 32 3 4 4 4 1
1622173307 0 473 186 120 11 11 18 32 4 4 4 4 1
1622176472 0 473 187 120 11 11 18 32 4 4 4 4 1
1622178747 0 474 187 120 11 11 18 32 4 4 4 4 1
1622180220 0 474 188 120 11 11 18 32 4 4 4 4 1
1622181292 0 474 189 120 11 11 18 32 4 4 4 4 1
1622187257 0 474 190 120 11 11 18 32 4 4 4 4 1
1622189406 0 474 191 120 11 11 18 32 4 4 4 4 1
1622190286 0 474 192 120 11 11 18 32 4 4 4 4 1
1622192123 0 474 192 120 11 11 18 32 5 4 4 4 1
1622193271 0 474 193 120 11 11 18 32 5 4 4 4 1
1622199944 0 475 193 120 11 11 18 32 5 4 4 4 1
1622200045 0 476 193 120 11 11 18 32 5 4 4 4 1
1622249705 0 477 193 120 11 11 18 32 5 4 4 4 1
1622251884 0 477 193 120 11 11 18 32 6 4 4 4 1
1622253557 0 477 193 120 11 11 18 32 7 4 4 4 1
1622254228 0 478 193 120 11 11 18 32 7 4 4 4 1
1622264491 0 479 193 120 11 11 18 32 7 4 4 4 1
1622273682 0 480 193 121 11 11 18 32 7 4 4 4 1
1622302739 0 480 193 121 11 11 18 32 8 4 4 4 1
1622426249 0 481 193 121 11 11 18 32 8 4 4 4 1
1622437650 0 481 193 121 11 11 18 32 9 4 4 4 1
1622440068 0 481 193 121 11 11 18 32 10 4 4 4 1
1622455309 0 482 193 121 11 11 18 33 11 4 4 4 1
1622468737 0 483 193 121 11 11 18 33 11 4 4 4 1
1622508673 0 484 193 121 11 11 18 33 11 4 4 4 1
1622512019 0 485 193 121 11 11 18 33 11 4 4 4 1
1622522188 0 486 193 121 11 11 18 33 11 4 4 4 1
1622590819 0 487 193 121 11 11 18 33 11 4 4 4 1
1622590832 0 488 193 121 11 11 18 33 11 4 4 4 1
1622593117 0 489 193 121 11 11 18 33 11 4 4 4 1
1622593214 0 490 193 121 11 11 18 33 11 4 4 4 1
1622594552 0 491 193 121 11 11 18 33 11 4 4 4 1
1622598574 0 492 193 121 11 11 18 33 11 4 4 4 1
1622598982 0 493 193 121 11 11 18 33 11 4 4 4 1
1622599133 0 494 193 121 11 11 18 33 11 4 4 4 1
1622682689 0 495 193 121 11 11 18 33 11 4 4 4 1
1622682918 0 495 193 121 11 11 18 33 12 4 4 4 1
1622684189 0 496 193 121 11 11 18 33 12 4 4 4 1
1622693467 0 496 193 121 11 11 18 34 12 4 4 4 1
1622693986 0 496 193 121 11 11 18 34 13 4 4 4 1
1622717020 0 497 193 121 11 11 18 34 13 4 4 4 1
1622718196 0 498 193 121 11 11 18 34 13 4 4 4 1
1622778025 0 499 193 121 11 11 18 34 13 4 4 4 1
1622798731 0 499 194 122 11 11 18 34 13 4 4 4 1
1622799129 0 499 194 123 11 11 19 34 13 4 4 4 1
1622866875 0 500 194 123 11 11 19 34 13 4 4 4 1
1622867387 0 501 194 123 11 11 19 34 13 4 4 4 1
1622871760 0 502 194 123 11 11 19 34 13 4 4 4 1
1622874922 0 503 194 123 11 11 19 34 13 4 4 4 1
1622876231 0 504 194 123 11 11 19 34 13 4 4 4 1
1622876807 0 505 194 123 11 11 19 34 13 4 4 4 1
1622894291 0 506 194 123 11 11 19 34 13 4 4 4 1
1622894923 0 507 194 123 11 11 19 34 13 4 4 4 1
1622894975 0 508 194 123 11 11 19 34 13 4 4 4 1
1622895388 0 509 194 123 11 11 19 34 13 4 4 4 1
1622896290 0 510 194 124 11 11 19 34 13 4 4 4 1
1622896854 0 510 194 125 11 11 19 34 13 4 4 4 1
1622899447 0 511 194 125 11 11 19 34 13 4 4 4 1
1622909693 0 511 194 126 11 11 19 34 13 4 4 4 1
1622939802 0 512 194 126 11 11 19 34 13 4 4 4 1
1622945890 0 512 194 127 11 11 19 34 13 4 4 4 1
1622946255 0 512 194 128 11 11 19 34 13 4 4 4 1
1622946543 0 512 194 129 11 11 19 34 13 4 4 4 1
1622949986 0 512 194 130 11 11 19 34 13 4 4 4 1
1622956247 0 513 194 130 11 11 19 34 13 4 4 4 1
1622956862 0 514 194 130 11 11 19 34 13 4 4 4 1
1622957380 0 515 194 130 11 11 19 34 13 4 4 4 1
1623023619 0 516 194 131 11 11 19 34 13 4 4 4 1
1623025276 0 517 194 131 11 11 19 34 13 4 4 4 1
1623029906 0 518 194 131 11 11 19 34 13 4 4 4 1
1623029925 0 519 194 131 11 11 19 34 13 4 4 4 1
1623032192 0 520 194 131 11 11 19 34 13 4 4 4 1
1623034588 0 521 194 131 11 11 19 34 13 4 4 4 1
1623036185 0 522 194 131 11 11 19 34 13 4 4 4 1
1623038680 0 523 194 131 11 11 19 34 13 4 4 4 1
1623056007 0 524 194 131 11 11 19 34 13 4 4 4 1
1623061648 0 525 194 131 11 11 19 34 13 4 4 4 1
1623065809 0 525 194 132 11 11 19 34 13 4 4 4 1
1623069764 0 526 194 133 11 11 19 34 13 4 4 4 1
1623076613 0 527 194 133 11 11 19 34 13 4 4 4 1
1623080018 0 528 194 133 11 11 19 34 13 4 4 4 1
1623114996 0 529 194 133 11 11 19 34 13 4 4 4 1
1623115026 0 530 194 133 11 11 19 34 13 4 4 4 1
1623121834 0 531 194 133 11 11 19 34 13 4 4 4 1
1623133854 0 532 194 133 11 11 19 34 13 4 4 4 1
1623133865 0 533 194 133 11 11 19 34 13 4 4 4 1
1623139574 0 533 194 133 11 12 19 34 13 4 4 4 1
1623142529 0 533 194 133 11 12 19 34 14 4 4 4 1
1623144865 0 534 194 133 11 12 19 34 15 4 4 4 1
1623145193 0 534 194 134 11 12 19 34 15 4 4 4 1
1623146027 0 534 194 135 11 12 19 34 15 4 4 4 1
1623146794 0 534 194 136 11 12 19 34 15 4 4 4 1
1623147645 0 535 194 136 11 12 19 34 15 4 4 4 1
1623147662 0 536 194 136 11 12 19 34 15 4 4 4 1
1623163496 0 536 194 137 11 12 19 34 15 4 4 4 1
1623203298 0 538 195 137 11 12 19 34 15 4 4 4 1
1623205700 0 539 195 137 11 12 19 34 15 4 4 4 1
1623215917 0 539 196 137 11 12 19 34 15 4 4 4 1
1623222631 0 539 196 137 11 12 19 34 16 4 4 4 1
1623226394 0 539 196 137 11 13 19 34 16 4 4 4 1
1623228956 0 540 196 137 11 13 19 34 16 4 4 4 1
1623229527 0 541 196 137 11 13 19 34 16 4 4 4 1
1623229643 0 542 196 137 11 13 19 34 16 4 4 4 1
1623232870 0 543 196 137 11 13 19 34 16 4 4 4 1
1623233441 0 543 196 137 11 13 19 34 17 4 4 4 1
1623234728 0 544 197 137 11 13 19 34 17 4 4 4 1
1623247700 0 545 197 137 11 13 19 34 17 4 4 4 1
1623257351 0 545 197 138 11 13 19 34 17 4 4 4 1
1623285853 0 545 197 139 11 13 19 34 17 4 4 4 1
1623288128 0 546 197 139 11 13 19 34 17 4 4 4 1
1623288511 0 547 197 139 11 13 19 34 17 4 4 4 1
1623288927 0 547 198 139 11 13 19 34 17 4 4 4 1
1623294441 0 547 198 140 11 13 19 34 17 4 4 4 1
1623294598 0 547 198 140 11 14 19 34 17 4 4 4 1
1623320223 0 548 198 140 11 14 19 34 17 4 4 4 1
1623341706 0 548 198 141 11 14 19 34 17 4 4 4 1
1623377555 0 549 198 141 11 14 19 34 17 4 4 4 1
1623393848 0 550 198 141 11 14 19 34 17 4 4 4 1
1623393884 0 551 198 141 11 14 19 34 17 4 4 4 1
1623394841 0 552 198 141 11 14 19 34 17 4 4 4 1
1623395706 0 553 198 141 11 14 19 34 17 4 4 4 1
1623397034 0 554 198 141 11 14 19 34 17 4 4 4 1
1623397823 0 554 198 142 11 14 19 34 17 4 4 4 1
1623726535 0 555 198 142 11 14 19 34 17 4 4 4 1
1623742515 0 556 198 142 11 14 19 34 17 4 4 4 1
1623746981 0 557 198 142 11 14 19 34 17 4 4 4 1
1623752096 0 558 198 142 11 14 19 34 17 4 4 4 1
1623836228 0 558 199 142 11 14 19 34 17 4 4 4 1
1623920565 0 559 199 142 11 14 19 34 17 4 4 4 1
1623921560 0 560 199 142 11 14 19 34 17 4 4 4 1
1623982739 0 561 199 142 11 14 19 34 17 4 4 4 1
1623982755 0 562 199 142 11 14 19 34 17 4 4 4 1
1623991194 0 562 199 142 11 14 20 34 17 4 4 4 1
1624244215 0 562 199 142 11 14 21 34 17 4 4 4 1
1624255482 0 562 199 142 11 14 22 34 17 4 4 4 1
1624261598 0 562 199 142 11 14 23 34 17 4 4 4 1
1624328375 0 562 199 142 12 14 23 34 17 4 4 4 1
1624347901 0 562 199 142 13 14 23 34 17 4 4 4 1
1624424309 0 562 199 142 13 14 24 34 17 4 4 4 1
1624425832 0 562 199 142 14 14 24 34 17 4 4 4 1
1624427007 0 562 199 142 14 14 25 34 17 4 4 4 1
1624444974 0 563 199 142 14 14 25 34 17 4 4 4 1
1624444995 0 564 199 142 14 14 25 34 17 4 4 4 1
1624509216 0 564 200 143 14 14 25 34 17 4 4 4 1
1624848394 0 564 200 143 14 15 25 34 17 4 4 4 1
1624893611 0 564 201 143 14 15 25 34 17 4 4 4 1
1624933147 0 565 201 143 14 15 25 34 17 4 4 4 1
1624933314 0 565 202 143 14 15 25 34 17 4 4 4 1
1624934927 0 565 203 143 14 15 25 34 17 4 4 4 1
1624938193 0 565 204 143 14 15 25 34 17 4 4 4 1
1624940542 0 565 205 143 14 15 25 34 17 4 4 4 1
1624945754 0 565 205 144 14 15 25 34 17 4 4 4 1
1624950412 0 566 205 144 14 15 25 34 17 4 4 4 1
1624952374 0 566 205 145 14 15 25 34 17 4 4 4 1
1624955375 0 566 205 146 14 15 25 34 17 4 4 4 1
1624956553 0 567 205 146 14 15 25 34 17 4 4 4 1
1624961212 0 567 206 146 14 15 25 34 17 4 4 4 1
1624961812 0 567 207 146 14 15 25 34 17 4 4 4 1
1624961939 0 567 208 146 14 15 25 34 17 4 4 4 1
1625018779 0 567 208 147 14 15 25 34 17 4 4 4 1
1625026779 0 567 209 147 14 15 25 34 17 4 4 4 1
1625038713 0 567 209 147 15 15 25 34 17 4 4 4 1
1625110545 0 568 209 147 15 15 25 34 17 4 4 4 1
1625133852 0 568 209 148 15 15 25 34 17 4 4 4 1
1625208414 0 569 209 148 15 15 25 34 17 4 4 4 1
1625209499 0 570 209 148 15 15 25 34 17 4 4 4 1
1625209630 0 571 209 148 15 15 25 34 17 4 4 4 1
1625218153 0 571 209 148 15 16 25 34 17 4 4 4 1
1625218308 0 571 209 148 15 17 25 34 17 4 4 4 1
1625218594 0 571 210 148 15 17 25 34 17 4 4 4 1
1625266704 0 571 211 148 15 17 25 34 17 4 4 4 1
1625266744 0 571 212 149 15 17 25 34 17 4 4 4 1
1625278027 0 571 213 149 15 17 25 34 17 4 4 4 1
1625467071 0 572 213 149 15 17 25 34 17 4 4 4 1
1625468981 0 573 213 149 15 17 25 34 17 4 4 4 1
1625476630 0 576 213 149 15 18 25 34 17 4 4 4 1
1625476688 0 577 213 149 15 18 25 34 17 4 4 4 1
1625485931 0 577 213 149 15 19 25 34 17 4 4 4 1
1625498603 0 577 214 149 15 19 25 34 17 4 4 4 1
1625540111 0 577 214 149 15 20 25 34 17 4 4 4 1
1625542669 0 577 214 149 15 21 25 34 17 4 4 4 1
1625545630 0 577 215 149 15 21 25 34 17 4 4 4 1
1625554331 0 578 215 150 15 21 25 34 17 4 4 4 1
1625559777 0 579 215 150 15 21 25 34 17 4 4 4 1
1625561555 0 580 215 150 15 21 25 34 17 4 4 4 1
1625561564 0 581 215 150 15 21 25 34 17 4 4 4 1
1625562702 0 582 215 150 15 21 25 34 17 4 4 4 1
1625563841 0 582 215 150 15 22 25 34 17 4 4 4 1
1625565895 0 582 215 151 15 22 25 34 17 4 4 4 1
1625578375 0 583 215 151 15 22 25 34 17 4 4 4 1
1625620767 0 584 215 151 15 22 25 34 17 4 4 4 1
1625622233 0 585 215 151 15 22 25 34 17 4 4 4 1
1625632859 0 585 216 151 15 22 25 34 17 4 4 4 1
1625639634 0 585 216 152 15 22 25 34 17 4 4 4 1
1625644189 0 586 216 152 15 22 25 34 17 4 4 4 1
1625649592 0 587 216 152 15 22 25 34 17 4 4 4 1
1625650417 0 588 216 152 15 22 25 34 17 4 4 4 1
1625654717 0 589 216 152 15 22 25 34 17 4 4 4 1
1625654723 0 590 216 152 15 22 25 34 17 4 4 4 1
1625712729 0 591 216 152 15 22 25 34 17 4 4 4 1
1625810193 0 592 216 152 15 22 25 34 17 4 4 4 1
1625912192 0 592 216 153 15 22 25 34 17 4 4 4 1
1626061963 0 592 216 154 15 22 25 34 17 4 4 4 1
1626075220 0 593 216 154 15 22 25 34 17 4 4 4 1
1626088277 0 593 216 155 15 22 25 34 17 4 4 4 1
1626220416 0 593 216 156 15 22 25 34 17 4 4 4 1
1626227311 0 593 216 157 15 22 25 34 17 4 4 4 1
1626228179 0 598 216 158 15 22 25 34 17 4 4 4 1
1626231067 0 599 216 158 15 22 25 34 17 4 4 4 1
1626246885 0 600 216 158 15 22 25 34 17 4 4 4 1
1626249415 0 601 216 158 15 22 25 34 17 4 4 4 1
1626319557 0 602 216 158 15 22 25 34 17 4 4 4 1
1626320990 0 603 216 158 15 22 25 34 17 4 4 4 1
1626322633 0 604 216 158 15 22 25 34 17 4 4 4 1
1626328685 0 605 216 158 15 22 25 34 17 4 4 4 1
1626329798 0 606 216 159 15 22 25 34 17 4 4 4 1
1626335692 0 607 216 159 15 22 25 34 17 4 4 4 1
1626367484 0 607 216 160 15 22 25 34 17 4 4 4 1
1626406420 0 609 216 161 15 22 25 34 17 4 4 4 1
1626406471 0 610 216 161 15 22 25 34 17 4 4 4 1
1626406924 0 611 216 161 15 22 25 34 17 4 4 4 1
1626407261 0 612 216 161 15 22 25 34 17 4 4 4 1
1626407528 0 613 216 161 15 22 25 34 17 4 4 4 1
1626407982 0 614 216 161 15 22 25 34 17 4 4 4 1
1626409432 0 615 216 161 15 22 25 34 17 4 4 4 1
1626412107 0 616 216 161 15 22 25 34 17 4 4 4 1
1626416352 0 617 216 161 15 22 25 34 17 4 4 4 1
1626416500 0 618 216 161 15 23 25 34 17 4 4 4 1
1626426107 0 620 216 161 15 24 25 34 17 4 4 4 1
1626676579 0 621 216 161 15 25 25 34 17 4 4 4 1
1626678914 0 622 216 161 15 25 25 34 17 4 4 4 1
1626686704 0 622 217 162 15 25 25 34 17 4 4 4 1
1626767458 0 622 217 162 15 25 26 34 17 4 4 4 1
1626767920 0 622 217 162 15 26 27 34 17 4 4 4 1
1626842119 0 622 217 162 15 27 27 34 17 4 4 4 1
1626878915 0 622 218 162 15 27 27 34 17 4 4 4 1
1626920496 0 623 218 162 15 27 27 34 17 4 4 4 1
1626925016 0 624 218 162 15 27 27 34 17 4 4 4 1
1626948071 0 625 218 162 15 27 27 34 17 4 4 4 1
1626955476 0 626 218 162 15 27 27 34 17 4 4 4 1
1626957370 0 627 218 162 15 27 27 34 17 4 4 4 1
1626961506 0 628 218 162 15 27 27 34 17 4 4 4 1
1627004567 0 629 218 162 15 27 27 34 17 4 4 4 1
1627011991 0 630 218 162 15 27 27 34 17 4 4 4 1
1627024979 0 631 218 162 15 27 27 34 17 4 4 4 1
1627031319 0 632 218 162 15 27 27 34 17 4 4 4 1
1627295886 0 632 219 162 15 27 27 34 17 4 4 4 1
1627355893 0 633 219 162 15 27 27 34 17 4 4 4 1
1627385946 0 634 219 162 15 27 27 34 17 4 4 4 1
1627449747 0 634 219 162 16 27 27 34 17 4 4 4 1
1627451572 0 635 219 162 16 27 27 34 17 4 4 4 1
1627451611 0 636 219 162 16 27 27 34 17 4 4 4 1
1627452536 0 637 219 162 16 27 27 34 17 4 4 4 1
1627460167 0 638 219 162 16 27 27 34 17 4 4 4 1
1627526197 0 638 220 162 16 27 27 34 17 4 4 4 1
1627555654 0 638 220 163 16 27 27 34 17 4 4 4 1
1627556408 0 638 220 164 16 27 27 34 17 4 4 4 1
1627564838 0 638 220 165 16 27 27 34 17 4 4 4 1
1627569236 0 638 220 166 16 27 27 34 17 4 4 4 1
1627608207 0 638 220 166 16 28 27 34 17 4 4 4 1
1627613141 0 639 220 166 16 28 27 34 17 4 4 4 1
1627640181 0 639 220 167 16 28 27 34 17 4 4 4 1
1627641208 0 639 220 168 16 28 27 34 17 4 4 4 1
1627802578 0 639 220 169 16 28 27 34 17 4 4 4 1
1627866509 0 641 220 169 16 29 27 34 17 4 4 4 1
1627869923 0 642 220 169 16 29 27 34 17 4 4 4 1
1627870233 0 643 220 169 16 29 27 34 17 4 4 4 1
1627871097 0 644 220 169 16 29 27 34 17 4 4 4 1
1627872385 0 645 220 169 16 29 27 34 17 4 4 4 1
1627876971 0 646 220 169 16 29 27 34 17 4 4 4 1
1627878024 0 647 220 169 16 29 27 34 17 4 4 4 1
1627878945 0 648 220 169 16 29 27 34 17 4 4 4 1
1627902023 0 648 221 169 16 29 27 34 17 4 4 4 1
1627906507 0 648 222 169 16 29 27 34 17 4 4 4 1
1627955015 0 649 222 169 16 29 27 34 17 4 4 4 1
1627955367 0 650 222 169 16 29 27 34 17 4 4 4 1
1627955669 0 651 222 169 16 29 27 34 17 4 4 4 1
1627955676 0 652 222 169 16 29 27 34 17 4 4 4 1
1627955681 0 653 222 169 16 29 27 34 17 4 4 4 1
1627956893 0 653 223 169 16 29 27 34 17 4 4 4 1
1627961750 0 654 223 169 16 29 27 34 17 4 4 4 1
1627962122 0 655 223 169 16 29 27 34 17 4 4 4 1
1627963773 0 655 225 169 16 29 27 34 17 4 4 4 1
1627966153 0 655 226 169 16 29 27 34 17 4 4 4 1
1627968916 0 655 227 169 16 29 27 34 17 4 4 4 1
1628038334 0 656 227 169 16 29 27 34 17 4 4 4 1
1628044122 0 657 227 169 16 29 27 34 17 4 4 4 1
1628047133 0 657 227 169 16 29 28 34 17 4 4 4 1
1628048580 0 657 227 169 16 29 29 34 17 4 4 4 1
1628048965 0 657 227 169 16 29 30 34 17 4 4 4 1
1628049668 0 658 227 169 16 29 30 34 17 4 4 4 1
1628055200 0 659 227 169 16 29 30 34 17 4 4 4 1
1628065144 0 660 228 169 16 29 30 34 17 4 4 4 1
1628074335 0 661 228 169 16 29 30 34 17 4 4 4 1
1628074377 0 662 228 169 16 29 30 34 17 4 4 4 1
1628129822 0 663 228 169 16 29 30 34 17 4 4 4 1
1628136879 0 664 228 169 16 29 30 34 17 4 4 4 1
1628139349 0 665 228 169 16 29 30 34 17 4 4 4 1
1628153429 0 666 228 169 16 29 30 34 17 4 4 4 1
1628154501 0 667 228 169 16 29 30 34 17 4 4 4 1
1628161545 0 667 229 169 16 29 30 34 17 4 4 4 1
1628161713 0 667 230 169 16 29 30 34 17 4 4 4 1
1628169995 0 667 231 169 16 29 30 34 17 4 4 4 1
1628239357 0 668 231 169 16 29 30 34 17 4 4 4 1
1628245210 0 669 231 169 16 29 30 34 17 4 4 4 1
1628250393 0 670 231 169 16 29 30 34 17 4 4 4 1
1628250426 0 671 231 169 16 29 30 34 17 4 4 4 1
1628250437 0 672 231 169 16 29 30 34 17 4 4 4 1
1628475156 0 673 231 169 16 29 30 34 17 4 4 4 1
1628481541 0 674 231 169 16 29 30 34 17 4 4 4 1
1628481782 0 675 231 169 16 29 30 34 17 4 4 4 1
1628486685 0 676 231 169 16 29 30 34 17 4 4 4 1
1628501167 0 676 231 169 17 29 30 34 17 4 4 4 1
1628503605 0 677 231 169 17 29 30 34 17 4 4 4 1
1628511801 0 678 231 169 17 29 30 34 17 4 4 4 1
1628561791 0 679 231 169 17 29 30 34 17 4 4 4 1
1628564693 0 680 231 169 17 29 30 34 17 4 4 4 1
1628582822 0 681 231 169 17 29 30 34 17 4 4 4 1
1628584746 0 682 231 169 17 29 30 34 17 4 4 4 1
1628585127 0 683 231 169 17 29 30 34 17 4 4 4 1
1628585581 0 683 231 170 17 29 30 34 17 4 4 4 1
1628644889 0 684 231 170 17 29 30 34 17 4 4 4 1
1628652286 0 684 231 170 18 29 30 34 17 4 4 4 1
1628653117 0 685 231 170 18 29 30 34 17 4 4 4 1
1628653253 0 687 231 170 18 29 30 34 17 4 4 4 1
1628655248 0 688 231 170 18 29 30 34 17 4 4 4 1
1628667553 0 688 232 170 18 29 30 34 17 4 4 4 1
1628671049 0 689 232 170 18 29 30 34 17 4 4 4 1
1628671056 0 690 232 170 18 29 30 34 17 4 4 4 1
1628671066 0 691 232 170 18 29 30 34 17 4 4 4 1
1628671299 0 692 232 170 18 29 30 34 17 4 4 4 1
1628671487 0 693 232 170 18 29 30 34 17 4 4 4 1
1628671908 0 694 234 170 18 29 30 34 17 4 4 4 1
1628678238 0 694 235 170 18 29 30 34 17 4 4 4 1
1628732823 0 695 235 170 18 29 30 34 17 4 4 4 1
1628732839 0 696 235 170 18 29 30 34 17 4 4 4 1
1628732858 0 697 235 170 18 29 30 34 17 4 4 4 1
1628733259 0 698 235 170 18 29 30 34 17 4 4 4 1
1628733521 0 699 236 170 18 29 30 34 17 4 4 4 1
1628734271 0 700 236 170 18 29 30 34 17 4 4 4 1
1628736111 0 700 237 170 18 29 30 34 17 4 4 4 1
1628739795 0 701 237 170 18 29 30 34 17 4 4 4 1
1628740092 0 701 238 170 18 29 30 34 17 4 4 4 1
1628744063 0 702 238 170 18 29 30 34 17 4 4 4 1
1628746302 0 703 238 170 18 29 30 34 17 4 4 4 1
1628758881 1 703 238 171 18 29 30 34 17 4 4 4 1
1628822279 2 703 238 171 18 29 30 34 17 4 4 4 1
1628823633 3 703 238 171 18 29 30 34 17 4 4 4 1
1628828402 4 703 238 171 18 29 30 34 17 4 4 4 1
1628900783 5 703 238 171 18 29 30 34 17 4 4 4 1
1628900994 6 703 238 171 18 29 30 34 17 4 4 4 1
1628923473 6 703 239 171 18 29 30 34 17 4 4 4 1
1628991363 7 703 242 171 18 29 30 34 17 4 4 4 1
1629086040 8 703 242 171 18 29 30 34 17 4 4 4 1
1629101838 8 703 242 171 18 29 30 34 18 4 4 4 1
1629103095 9 703 242 171 18 29 30 34 18 4 4 4 1
1629103257 10 703 242 171 18 29 30 34 18 4 4 4 1
1629167806 10 703 242 171 18 29 31 34 18 4 4 4 1
1629167932 10 703 242 171 18 29 32 34 18 4 4 4 1
1629182878 10 703 242 171 18 29 33 34 18 4 4 4 1
1629189628 11 703 242 171 18 29 33 34 18 4 4 4 1
1629190598 12 703 242 171 18 29 33 34 18 4 4 4 1
1629191451 13 703 242 171 18 29 33 34 18 4 4 4 1
1629202755 14 703 242 171 18 29 33 34 18 4 4 4 1
1629267014 15 703 242 171 18 29 33 34 18 4 4 4 1
1629268827 16 703 242 171 18 29 33 34 18 4 4 4 1
1629269444 16 703 242 171 18 30 33 34 18 4 4 4 1
1629277995 17 703 243 171 18 30 33 34 18 4 4 4 1
1629282373 18 703 243 171 18 30 33 34 18 4 4 4 1
1629282623 19 703 243 171 18 30 33 34 18 4 4 4 1
1629282662 20 703 243 171 18 30 33 34 18 4 4 4 1
1629331751 21 703 243 171 18 30 33 34 18 4 4 4 1
1629331761 22 703 243 171 18 30 33 34 18 4 4 4 1
1629333225 23 703 243 171 18 30 33 34 18 4 4 4 1
1629338771 24 703 243 171 18 30 33 34 18 4 4 4 1
1629342036 25 703 243 171 18 30 33 34 18 4 4 4 1
1629347001 26 703 243 171 18 30 33 34 18 4 4 4 1
1629353213 26 703 243 171 19 30 33 34 18 4 4 4 1
1629366302 27 703 243 171 19 30 33 34 18 4 4 4 1
1629428180 28 703 243 171 19 30 33 34 18 4 4 4 1
1629428224 29 703 243 171 19 30 33 34 18 4 4 4 1
1629429987 30 703 243 171 19 30 33 34 18 4 4 4 1
1629438543 31 703 243 171 19 30 33 34 18 4 4 4 1
1629445304 31 703 244 171 19 30 33 34 18 4 4 4 1
1629449821 31 703 244 171 19 31 33 34 18 4 4 4 1
1629771649 32 703 244 171 19 31 33 34 18 4 4 4 1
1629771905 33 703 244 171 19 31 33 34 18 4 4 4 1
1629771927 34 703 244 171 19 31 33 34 18 4 4 4 1
1629802634 34 703 244 172 19 31 33 34 18 4 4 4 1
1629802808 34 703 244 173 19 31 33 34 18 4 4 4 1
1629802835 34 703 244 174 19 31 33 34 18 4 4 4 1
1629822914 34 703 244 175 19 31 33 34 18 4 4 4 1
1629873281 34 703 244 176 19 31 33 34 18 4 4 4 1
1629879305 34 703 244 176 19 32 33 34 18 4 4 4 1
1629879393 35 703 244 176 19 33 33 34 18 4 4 4 1
1629905836 36 703 244 176 19 33 33 34 18 4 4 4 1
1629907764 37 703 244 176 19 33 33 34 18 4 4 4 1
1629907813 38 703 244 176 19 33 33 34 18 4 4 4 1
1629954536 39 703 244 177 19 33 33 34 18 4 4 4 1
1629974445 39 703 244 178 19 33 33 34 18 4 4 4 1
1629977638 39 703 244 179 19 33 33 34 18 4 4 4 1
1630041801 40 703 244 179 19 33 33 34 18 4 4 4 1
1630056389 40 703 244 179 19 34 33 34 18 4 4 4 1
1630061551 40 703 244 179 20 34 33 34 18 4 4 4 1
1630061560 40 703 244 179 21 34 33 34 18 4 4 4 1
1630286351 40 703 244 179 22 34 33 34 18 4 4 4 1
1630298822 40 703 244 180 22 34 33 34 18 4 4 4 1
1630378067 40 703 244 180 23 34 33 34 18 4 4 4 1
1630476658 41 703 244 180 23 35 33 34 18 4 4 4 1
1630494173 42 703 244 180 23 35 33 34 18 4 4 4 1
1630507067 43 703 244 180 23 35 33 34 18 4 4 4 1
1630507509 44 703 244 180 23 35 33 34 18 4 4 4 1
1630508097 45 703 244 180 23 35 33 34 18 4 4 4 1
1630557395 46 703 244 180 23 35 33 34 18 4 4 4 1
1630565462 47 703 244 180 23 35 33 34 18 4 4 4 1
1630573688 48 703 244 180 23 35 33 34 18 4 4 4 1
1630739940 56 703 244 180 23 35 33 34 18 4 4 4 1
1630895894 57 703 244 180 23 35 33 34 18 4 4 4 1
1630917643 58 703 244 180 23 35 33 34 18 4 4 4 1
1630924392 59 703 244 180 23 35 33 34 18 4 4 4 1
1630924929 60 703 244 180 23 35 33 34 18 4 4 4 1
1630980544 61 703 244 180 23 35 33 34 18 4 4 4 1
1630984417 62 703 244 180 23 35 33 34 18 4 4 4 1
1631066964 63 703 244 180 23 35 33 34 18 4 4 4 1
1631075135 64 703 244 180 23 35 33 34 18 4 4 4 1
1631088073 65 703 244 180 23 35 33 34 18 4 4 4 1
1631089183 66 703 244 180 23 35 33 34 18 4 4 4 1
1631089321 67 703 244 180 23 35 33 34 18 4 4 4 1
1631146975 67 703 244 181 23 35 33 34 18 4 4 4 1
1631147144 67 703 244 182 23 35 33 34 18 4 4 4 1
1631161748 68 703 244 183 23 35 33 34 18 4 4 4 1
1631179070 69 703 244 183 23 35 33 34 18 4 4 4 1
1631182513 70 703 244 183 23 35 33 34 18 4 4 4 1
1631235803 71 703 244 183 23 35 33 34 18 4 4 4 1
1631240783 72 703 244 183 23 35 33 34 18 4 4 4 1
1631242095 73 703 244 183 23 35 33 34 18 4 4 4 1
1631243054 74 703 244 183 23 35 33 34 18 4 4 4 1
1631244310 75 703 244 183 23 35 33 34 18 4 4 4 1
1631244770 76 703 244 183 23 35 33 34 18 4 4 4 1
1631246865 77 703 244 183 23 35 33 34 18 4 4 4 1
1631261668 77 703 244 183 23 35 33 35 18 4 4 4 1
1631267485 77 703 244 184 23 35 33 35 18 4 4 4 1
1631268591 77 703 244 185 23 35 33 35 18 4 4 4 1
1631501815 77 703 244 186 23 35 33 35 18 4 4 4 1
1631526997 77 703 244 187 23 35 33 35 18 4 4 4 1
1631590208 77 703 244 188 23 35 33 35 18 4 4 4 1
1631612915 78 703 244 189 23 35 33 35 18 4 4 4 1
1631628974 78 703 245 189 23 35 33 35 18 4 4 4 1
1631630222 78 703 246 189 23 35 33 35 18 4 4 4 1
1631692681 79 703 246 189 23 35 33 35 18 4 4 4 1
1631695314 80 703 246 189 23 35 33 35 18 4 4 4 1
1631696406 81 703 246 189 23 35 33 35 18 4 4 4 1
1631696912 82 703 246 189 23 35 33 35 18 4 4 4 1
1631698010 83 703 246 189 23 35 33 35 18 4 4 4 1
1631699195 84 703 246 189 23 35 33 35 18 4 4 4 1
1631706240 85 703 246 191 23 35 33 35 18 4 4 4 1
1631724563 85 703 246 192 23 35 33 35 18 4 4 4 1
1631724614 85 703 246 193 23 35 33 35 18 4 4 4 1
1631756081 86 703 246 193 23 35 33 35 18 4 4 4 1
1631756623 87 703 246 193 23 35 33 35 18 4 4 4 1
1631765991 88 703 246 193 23 35 33 35 18 4 4 4 1
1631789472 89 703 246 193 23 35 33 35 18 4 4 4 1
1631844248 90 703 246 193 23 35 33 35 18 4 4 4 1
1631860374 91 703 246 193 23 35 33 35 18 4 4 4 1
1631869213 92 703 246 193 23 35 33 35 18 4 4 4 1
1631872305 93 703 246 193 23 35 33 35 18 4 4 4 1
1631874591 94 703 246 193 23 35 33 35 18 4 4 4 1
1631894904 94 703 246 194 23 35 33 35 18 4 4 4 1
1631931335 94 703 246 195 23 35 33 35 18 4 4 4 1
1631959219 95 703 246 196 23 35 33 35 18 4 4 4 1
1631961373 96 703 246 196 23 35 33 35 18 4 4 4 1
1632014824 96 703 246 197 23 35 33 35 18 4 4 4 1
1632025013 96 703 246 198 23 35 33 35 18 4 4 4 1
1632280811 97 703 246 198 23 35 33 35 18 4 4 4 1
1632282318 98 703 246 198 23 35 33 35 18 4 4 4 1
1632286724 99 703 246 198 23 35 33 35 18 4 4 4 1
1632294408 100 703 246 198 23 35 33 35 18 4 4 4 1
1632361869 101 703 246 198 23 35 33 35 18 4 4 4 1
1632362199 102 703 246 198 23 35 33 35 18 4 4 4 1
1632365787 103 703 246 198 23 35 33 35 18 4 4 4 1
1632365814 104 703 246 198 23 35 33 35 18 4 4 4 1
1632366029 105 703 246 198 23 35 33 35 18 4 4 4 1
1632369005 106 703 246 198 23 35 33 35 18 4 4 4 1
1632379277 107 703 246 198 23 35 33 35 18 4 4 4 1
1632387849 108 703 246 198 23 35 33 35 18 4 4 4 1
1632449019 109 703 246 198 23 35 33 35 18 4 4 4 1
1632449027 110 703 246 198 23 35 33 35 18 4 4 4 1
1632457410 111 703 246 198 23 35 33 35 18 4 4 4 1
1632474184 112 703 246 198 23 35 33 35 18 4 4 4 1
1632474959 113 703 246 198 23 35 33 35 18 4 4 4 1
1632481098 114 703 246 198 23 35 33 35 18 4 4 4 1
1632638193 114 703 246 198 24 35 33 35 18 4 4 4 1
1632638808 114 703 246 198 25 35 33 35 18 4 4 4 1
1632639770 114 703 246 198 26 35 33 35 18 4 4 4 1
1632640671 114 703 246 198 27 35 33 35 18 4 4 4 1
1632641987 115 703 246 198 27 35 33 35 18 4 4 4 1
1632642063 116 703 246 198 27 35 33 35 18 4 4 4 1
1632644242 117 703 246 198 27 35 33 35 18 4 4 4 1
1632644283 118 703 246 198 27 35 33 35 18 4 4 4 1
1632644320 119 703 246 198 27 35 33 35 18 4 4 4 1
1632644644 120 703 246 198 27 35 33 35 18 4 4 4 1
1632644741 121 703 246 198 27 35 33 35 18 4 4 4 1
1632646354 122 703 246 198 27 35 33 35 18 4 4 4 1
1632650549 123 703 246 198 27 35 33 35 18 4 4 4 1
1632651216 124 703 246 198 27 35 33 35 18 4 4 4 1
1632709221 125 703 246 198 27 35 33 35 18 4 4 4 1
1632726147 126 703 246 198 27 35 33 35 18 4 4 4 1
1632728542 126 703 246 198 27 36 33 35 18 4 4 4 1
1632733935 127 703 246 198 27 36 33 35 18 4 4 4 1
1632733974 128 703 246 198 27 36 33 35 18 4 4 4 1
1632741991 129 703 246 198 27 36 33 35 18 4 4 4 1
1632749939 130 703 246 198 27 36 33 35 18 4 4 4 1
1632758372 130 703 247 198 27 36 33 35 18 4 4 4 1
1632797075 131 703 247 199 27 36 33 35 18 4 4 4 1
1632798366 132 703 247 199 27 36 33 35 18 4 4 4 1
1632801542 132 703 247 199 28 36 33 35 18 4 4 4 1
1632801696 132 703 247 199 29 36 33 35 18 4 4 4 1
1632801774 132 703 247 199 30 36 33 35 18 4 4 4 1
1632805666 132 703 247 199 31 36 33 35 18 4 4 4 1
1632805742 132 703 247 199 32 36 33 35 18 4 4 4 1
1632805796 132 703 247 199 33 36 33 35 18 4 4 4 1
1632806144 132 703 247 199 34 36 33 35 18 4 4 4 1
1632812783 132 703 247 199 35 36 33 35 18 4 4 4 1
1632817172 133 703 247 199 35 36 33 35 18 4 4 4 1
1632817285 134 703 247 199 35 36 33 35 18 4 4 4 1
1632818696 135 703 247 199 35 36 33 35 18 4 4 4 1
1632826043 136 703 247 199 35 36 33 35 18 4 4 4 1
1632892847 137 703 247 199 35 36 33 35 18 4 4 4 1
1632892877 138 703 247 199 35 36 33 35 18 4 4 4 1
1632893411 139 703 247 199 35 36 33 35 18 4 4 4 1
1632893929 140 703 247 199 35 36 33 35 18 4 4 4 1
1632893959 141 703 247 199 35 36 33 35 18 4 4 4 1
1632894237 142 703 247 199 35 36 33 35 18 4 4 4 1
1632908067 143 703 247 199 35 36 33 35 18 4 4 4 1
1632965547 144 703 247 199 35 36 33 35 18 4 4 4 1
1632965649 145 703 247 199 35 36 33 35 18 4 4 4 1
1632967021 146 703 247 199 35 36 33 35 18 4 4 4 1
1632969039 147 703 247 199 35 36 33 35 18 4 4 4 1
1632970066 148 703 247 199 35 36 33 35 18 4 4 4 1
1632970592 149 703 247 199 35 36 33 35 18 4 4 4 1
1632970831 150 703 247 199 35 36 33 35 18 4 4 4 1
1632972265 151 703 247 199 35 36 33 35 18 4 4 4 1
1632983660 152 703 247 199 35 36 33 35 18 4 4 4 1
1632984555 153 703 247 199 35 36 33 35 18 4 4 4 1
1632986540 154 703 247 199 35 36 33 35 18 4 4 4 1
1632988303 155 703 247 199 35 36 33 35 18 4 4 4 1
1632988334 156 703 247 199 35 36 33 35 18 4 4 4 1
1632988922 157 703 247 199 35 36 33 35 18 4 4 4 1
1633056704 157 703 247 200 35 36 33 35 18 4 4 4 1
1633059457 157 703 247 201 35 36 33 35 18 4 4 4 1
1633078134 158 703 247 201 35 36 33 35 18 4 4 4 1
1633659194 159 703 247 201 35 36 33 35 18 4 4 4 1
1633874229 160 703 247 201 35 36 33 35 18 4 4 4 1
1633874421 161 703 247 201 35 36 33 35 18 4 4 4 1
1633874491 162 703 247 201 35 36 33 35 18 4 4 4 1
1633920523 163 703 247 201 35 36 33 35 18 4 4 4 1
1633920900 164 703 247 201 39 36 33 35 18 4 4 4 1
1633921033 164 703 247 201 40 36 33 35 18 4 4 4 1
1633921103 164 703 247 201 41 36 33 35 18 4 4 4 1
1633925807 164 703 247 201 42 36 33 35 18 4 4 4 1
1633937069 165 703 247 201 43 36 33 35 18 4 4 4 1
1633944628 166 703 247 201 43 36 33 35 18 4 4 4 1
1633947267 167 703 247 201 43 36 33 35 18 4 4 4 1
1633947750 168 703 247 201 43 36 33 35 18 4 4 4 1
1634012589 169 703 247 201 43 36 33 35 18 4 4 4 1
1634018799 170 703 247 201 43 36 33 35 18 4 4 4 1
1634027327 171 703 247 201 43 36 33 35 18 4 4 4 1
1634029603 172 703 247 201 43 36 33 35 18 4 4 4 1
1634031881 173 703 247 201 43 36 33 35 18 4 4 4 1
1634031897 174 703 247 201 43 36 33 35 18 4 4 4 1
1634038047 174 703 247 202 43 36 33 35 18 4 4 4 1
1634089748 175 703 247 202 43 36 33 35 18 4 4 4 1
1634093370 176 703 247 203 43 36 33 35 18 4 4 4 1
1634542109 177 703 247 203 43 36 33 35 18 4 4 4 1
1634546517 178 703 247 203 43 36 33 35 18 4 4 4 1
1634559707 179 703 247 203 43 36 33 35 18 4 4 4 1
1634562631 180 703 247 203 43 36 33 35 18 4 4 4 1
1634573414 180 703 247 204 43 36 33 35 18 4 4 4 1
1634616785 181 703 247 204 43 36 33 35 18 4 4 4 1
1634616813 182 703 247 204 43 36 33 35 18 4 4 4 1
1634619180 183 703 247 204 43 36 33 35 18 4 4 4 1
1634641096 184 703 247 204 43 36 33 35 18 4 4 4 1
1634647290 185 703 247 204 43 36 33 35 18 4 4 4 1
1634698738 186 703 247 204 43 36 33 35 18 4 4 4 1
1634715851 187 703 247 204 43 36 33 35 18 4 4 4 1
1634718721 187 703 247 204 43 36 34 35 18 4 4 4 1
1634719348 187 703 247 205 43 36 34 35 18 4 4 4 1
1634720780 188 703 247 205 43 36 34 35 18 4 4 4 1
1634721321 189 703 247 205 43 36 34 35 18 4 4 4 1
1634723077 189 703 247 205 43 36 35 35 18 4 4 4 1
1634727229 189 703 247 205 43 36 36 35 18 4 4 4 1
1634730514 189 703 247 206 43 36 36 35 18 4 4 4 1
1634731059 189 703 247 206 44 36 37 35 18 4 4 4 1
1634783888 189 703 247 206 45 36 37 35 18 4 4 4 1
1634786011 189 703 247 206 45 36 37 36 18 4 4 4 1
1634786824 189 703 247 206 45 36 37 37 18 4 4 4 1
1634789133 190 703 247 206 45 36 37 37 18 4 4 4 1
1634789895 190 703 248 206 45 36 37 37 18 4 4 4 1
1634816703 191 703 248 206 45 36 37 37 18 4 4 4 1
1634868349 192 703 248 206 45 36 37 37 18 4 4 4 1
1634891447 192 703 249 206 45 36 37 37 18 4 4 4 1
1634903596 193 703 249 206 45 36 37 37 18 4 4 4 1
1634903655 194 703 249 206 45 36 37 37 18 4 4 4 1
1634904973 195 703 249 206 45 36 37 37 18 4 4 4 1
1634906785 196 703 249 206 45 36 37 37 18 4 4 4 1
1634907782 197 703 249 206 45 36 37 37 18 4 4 4 1
1635130940 198 703 249 206 45 36 37 37 18 4 4 4 1
1635148123 199 703 249 206 45 36 37 37 18 4 4 4 1
1635150034 201 703 249 206 45 36 37 37 18 4 4 4 1
1635230327 202 703 249 206 45 36 37 37 18 4 4 4 1
1635230373 203 703 249 206 45 36 37 37 18 4 4 4 1
1635230453 204 703 249 206 45 36 37 37 18 4 4 4 1
1635232547 205 703 249 206 45 36 37 37 18 4 4 4 1
1635232844 206 703 249 206 45 36 37 37 18 4 4 4 1
1635235105 207 703 249 206 45 36 37 37 18 4 4 4 1
1635239948 208 703 249 206 45 36 37 37 18 4 4 4 1
1635245197 209 703 249 206 45 36 37 37 18 4 4 4 1
1635245789 210 703 249 206 45 36 37 37 18 4 4 4 1
1635246473 211 703 249 206 45 36 37 37 18 4 4 4 1
1635246720 212 703 249 206 45 36 37 37 18 4 4 4 1
1635303599 213 703 249 206 45 36 37 37 18 4 4 4 1
1635306660 214 703 249 206 45 36 37 37 18 4 4 4 1
1635307652 215 703 249 206 45 36 37 37 18 4 4 4 1
1635320163 216 703 249 206 45 36 37 37 18 4 4 4 1
1635324679 217 703 249 206 45 36 37 37 18 4 4 4 1
1635324693 218 703 249 206 45 36 37 37 18 4 4 4 1
1635327791 219 703 249 206 45 36 37 37 18 4 4 4 1
1635327826 220 703 249 206 45 36 37 37 18 4 4 4 1
1635327905 221 703 249 206 45 36 37 37 18 4 4 4 1
1635330596 222 703 249 206 45 36 37 37 18 4 4 4 1
1635344807 226 703 249 207 45 36 37 37 18 4 4 4 1
1635405197 227 703 249 207 45 36 37 37 18 4 4 4 1
1635406282 228 703 249 207 45 36 37 37 18 4 4 4 1
1635408430 229 703 249 207 45 36 37 37 18 4 4 4 1
1635410989 230 703 249 207 45 36 37 37 18 4 4 4 1
1635411463 231 703 249 207 45 36 37 37 18 4 4 4 1
1635412720 232 703 249 207 45 36 37 37 18 4 4 4 1
1635419818 233 703 249 207 45 36 37 37 18 4 4 4 1
1635419859 234 703 249 207 45 36 37 37 18 4 4 4 1
1635420033 235 703 249 207 45 36 37 37 18 4 4 4 1
1635422899 236 703 249 207 45 36 37 37 18 4 4 4 1
1635431166 237 703 249 207 45 36 37 37 18 4 4 4 1
1635474448 238 703 249 207 45 36 37 37 18 4 4 4 1
1635476891 239 703 249 207 45 36 37 37 18 4 4 4 1
1635483052 240 703 249 207 45 36 37 37 18 4 4 4 1
1635484203 241 703 249 207 45 36 37 37 18 4 4 4 1
1635484637 242 703 249 207 45 36 37 37 18 4 4 4 1
1635492439 243 703 249 207 45 36 37 37 18 4 4 4 1
1635493913 244 703 249 207 45 36 37 37 18 4 4 4 1
1635495622 245 703 249 207 45 36 37 37 18 4 4 4 1
1635497987 246 703 249 207 45 36 37 37 18 4 4 4 1
1635502343 247 703 249 207 45 36 37 37 18 4 4 4 1
1635505126 248 703 249 207 45 36 37 37 18 4 4 4 1
1635524879 249 703 249 207 45 36 37 37 18 4 4 4 1
1635557326 250 703 249 207 45 36 37 37 18 4 4 4 1
1635573705 251 703 249 207 45 36 37 37 18 4 4 4 1
1635573850 252 703 249 207 45 36 37 37 18 4 4 4 1
1635733386 253 703 249 207 45 36 37 37 18 4 4 4 1
1635735739 254 703 249 207 45 36 37 37 18 4 4 4 1
1635736011 255 703 249 207 45 36 37 37 18 4 4 4 1
1635736853 256 703 249 207 45 36 37 37 18 4 4 4 1
1635740237 257 703 249 207 45 36 37 37 18 4 4 4 1
1635753669 258 703 249 207 45 36 37 37 18 4 4 4 1
1635753816 259 703 249 207 45 36 37 37 18 4 4 4 1
1635754224 260 703 249 207 45 36 37 37 18 4 4 4 1
1635758589 261 703 249 207 45 36 37 37 18 4 4 4 1
1635760672 262 703 249 207 45 36 37 37 18 4 4 4 1
1635760895 263 703 249 207 45 36 37 37 18 4 4 4 1
1635761498 264 703 249 207 45 36 37 37 18 4 4 4 1
1635761594 265 703 249 207 45 36 37 37 18 4 4 4 1
1635766393 266 703 249 207 45 36 37 37 18 4 4 4 1
1635767299 267 703 249 207 45 36 37 37 18 4 4 4 1
1635774924 268 703 249 207 45 36 37 37 18 4 4 4 1
1635775992 269 703 249 207 45 36 37 37 18 4 4 4 1
1635818852 269 703 249 208 45 36 37 37 18 4 4 4 1
1635820818 270 703 249 208 45 36 37 37 18 4 4 4 1
1635822317 271 703 249 208 45 36 37 37 18 4 4 4 1
1635823302 272 703 249 208 45 36 37 37 18 4 4 4 1
1635824260 273 703 249 208 45 36 37 37 18 4 4 4 1
1635848255 273 703 249 208 45 37 37 37 18 4 4 4 1
1635851018 274 703 249 208 45 37 37 37 18 4 4 4 1
1635851693 275 703 249 208 45 37 37 37 18 4 4 4 1
1635853264 275 703 249 209 45 37 37 37 18 4 4 4 1
1635906281 276 703 249 209 45 37 37 37 18 4 4 4 1
1635909264 276 703 249 210 45 37 37 37 18 4 4 4 1
1635918976 278 703 249 210 45 37 38 37 18 4 4 4 1
1635922016 279 703 249 210 45 37 38 37 18 4 4 4 1
1635938675 279 703 249 210 46 37 38 37 18 4 4 4 1
1635941977 280 703 249 210 46 37 38 37 18 4 4 4 1
1635942058 281 703 249 210 46 37 38 37 18 4 4 4 1
1635942107 282 703 249 210 46 37 38 37 18 4 4 4 1
1635942138 283 703 249 210 46 37 38 37 18 4 4 4 1
1635942328 284 703 249 210 46 37 38 37 18 4 4 4 1
1635942365 285 703 249 210 46 37 38 37 18 4 4 4 1
1635946899 286 703 249 210 46 37 38 37 18 4 4 4 1
1635991480 287 703 249 210 46 37 38 37 18 4 4 4 1
1635997849 288 703 249 210 46 37 38 37 18 4 4 4 1
1635998549 289 703 249 210 46 37 38 37 18 4 4 4 1
1635998565 290 703 249 210 46 37 38 37 18 4 4 4 1
1635998605 291 703 249 210 46 37 38 37 18 4 4 4 1
1635999252 292 703 249 210 46 37 38 37 18 4 4 4 1
1635999272 293 703 249 210 46 37 38 37 18 4 4 4 1
1636023353 294 703 249 210 46 37 38 37 18 4 4 4 1
1636078475 294 703 249 211 46 37 38 37 18 4 4 4 1
1636080681 294 703 249 211 47 37 38 37 18 4 4 4 1
1636080796 295 703 249 211 47 37 39 37 18 4 4 4 1
1636094064 296 703 249 211 47 37 40 37 18 4 4 4 1
1636098154 296 703 249 211 48 37 40 37 18 4 4 4 1
1636100953 297 703 249 211 48 37 40 37 18 4 4 4 1
1636100996 298 703 249 211 48 37 41 37 18 4 4 4 1
1636102454 299 703 249 211 48 37 41 37 18 4 4 4 1
1636103212 300 703 249 211 48 37 41 37 18 4 4 4 1
1636105424 301 703 249 211 48 37 41 37 18 4 4 4 1
1636107791 302 703 249 211 48 37 42 37 18 4 4 4 1
1636356131 303 703 249 211 48 37 42 37 18 4 4 4 1
1636356350 304 703 249 211 48 37 42 37 18 4 4 4 1
1636356783 305 703 249 211 48 37 42 37 18 4 4 4 1
1636357306 306 703 249 211 48 37 42 37 18 4 4 4 1
1636360823 307 703 249 211 48 37 42 37 18 4 4 4 1
1636362736 308 703 249 211 48 37 42 37 18 4 4 4 1
1636364471 309 703 249 211 48 37 42 37 18 4 4 4 1
1636368578 310 703 249 211 48 37 42 37 18 4 4 4 1
1636370661 311 703 249 211 48 37 42 37 18 4 4 4 1
1636372420 312 703 249 211 48 37 42 37 18 4 4 4 1
1636427372 312 703 249 211 49 37 42 37 18 4 4 4 1
1636435676 313 703 249 211 50 37 42 37 18 4 4 4 1
1636435938 314 703 249 211 50 37 42 37 18 4 4 4 1
1636460240 315 703 249 211 50 37 42 37 18 4 4 4 1
1636507073 316 703 249 211 50 37 42 37 18 4 4 4 1
1636512085 317 703 249 211 50 37 42 37 18 4 4 4 1
1636516943 318 703 249 211 50 37 42 37 18 4 4 4 1
1636521273 319 703 249 211 50 37 42 37 18 4 4 4 1
1636601640 319 703 249 211 50 38 42 37 18 4 4 4 1
1636684022 319 703 249 211 52 39 42 37 18 4 4 4 1
1636699603 319 703 249 211 53 39 42 37 18 4 4 4 1
1636699971 320 703 249 211 54 39 42 37 18 4 4 4 1
1636718866 321 703 249 211 55 39 42 37 18 4 4 4 1
1636730274 322 703 249 211 55 39 42 37 18 4 4 4 1
1636735101 323 703 249 211 55 39 42 37 18 4 4 4 1
1636735294 324 703 249 211 55 39 42 37 18 4 4 4 1
1636946284 325 703 249 211 55 39 42 37 18 4 4 4 1
1636946863 326 703 249 211 55 39 42 37 18 4 4 4 1
1636947162 327 703 249 211 55 39 42 37 18 4 4 4 1
1636947504 328 703 249 211 55 39 42 37 18 4 4 4 1
1636947634 329 703 249 211 55 39 42 37 18 4 4 4 1
1636949748 330 703 249 211 55 39 42 37 18 4 4 4 1
1636960304 331 703 249 211 55 39 42 37 18 4 4 4 1
1636960470 332 703 249 211 55 39 42 37 18 4 4 4 1
1636969918 333 703 249 211 55 39 42 37 18 4 4 4 1
1636973723 334 703 249 211 55 39 42 37 18 4 4 4 1
1637031152 334 703 249 211 55 39 43 37 18 4 4 4 1
1637035852 335 703 249 211 55 39 43 37 18 4 4 4 1
1637037070 336 703 249 211 55 39 43 37 18 4 4 4 1
1637039046 337 703 249 211 55 39 43 37 18 4 4 4 1
1637048184 338 703 249 211 55 39 43 37 18 4 4 4 1
1637050098 339 703 249 211 55 39 43 37 18 4 4 4 1
1637050646 340 703 249 211 55 39 43 37 18 4 4 4 1
1637055088 341 703 249 211 55 39 43 37 18 4 4 4 1
1637055124 342 703 249 211 55 39 43 37 18 4 4 4 1
1637056445 343 703 249 211 55 39 43 37 18 4 4 4 1
1637056955 344 703 249 211 55 39 43 37 18 4 4 4 1
1637058923 345 703 249 211 55 39 43 37 18 4 4 4 1
1637063150 346 703 249 211 56 39 43 37 18 4 4 4 1
1637131680 346 703 249 211 57 39 43 37 18 4 4 4 1
1637131786 347 703 249 211 58 39 43 37 18 4 4 4 1
1637133635 348 703 249 211 58 39 43 37 18 4 4 4 1
1637133819 349 703 249 211 58 39 43 37 18 4 4 4 1
1637200697 351 703 249 211 58 39 44 37 18 4 4 4 1
1637208234 352 703 249 211 58 39 44 37 18 4 4 4 1
1637213965 353 703 249 211 58 39 44 37 18 4 4 4 1
1637216540 354 703 249 211 58 39 44 37 18 4 4 4 1
1637217679 355 703 249 211 58 39 44 37 18 4 4 4 1
1637218756 356 703 249 211 58 39 44 37 18 4 4 4 1
1637219375 357 703 249 211 58 39 44 37 18 4 4 4 1
1637222081 358 703 249 211 58 39 44 37 18 4 4 4 1
1637223547 359 703 249 211 58 39 44 37 18 4 4 4 1
1637232398 360 703 249 211 58 39 44 37 18 4 4 4 1
1637233655 361 703 249 211 58 39 44 37 18 4 4 4 1
1637281721 362 703 249 211 58 39 44 37 18 4 4 4 1
1637287668 362 703 249 211 58 40 44 37 18 4 4 4 1
1637288544 362 703 249 212 58 40 44 37 18 4 4 4 1
1637288558 362 703 249 213 58 40 44 37 18 4 4 4 1
1637289958 362 703 249 214 58 40 44 37 18 4 4 4 1
1637291895 362 703 249 215 58 40 44 37 18 4 4 4 1
1637318266 363 703 249 215 58 40 44 37 18 4 4 4 1
1637326566 364 703 249 215 58 40 44 37 18 4 4 4 1
1637336385 365 703 249 215 58 40 44 37 18 4 4 4 1
1637371159 366 703 249 215 58 40 44 37 18 4 4 4 1
1637371277 367 703 249 215 58 40 44 37 18 4 4 4 1
1637374738 368 703 249 215 58 40 44 37 18 4 4 4 1
1637382987 369 703 249 215 58 40 44 37 18 4 4 4 1
1637384534 370 703 249 215 58 40 44 37 18 4 4 4 1
1637386123 371 703 249 215 58 40 44 37 18 4 4 4 1
1637388825 372 703 249 215 58 40 44 37 18 4 4 4 1
1637388943 373 703 249 215 58 40 44 37 18 4 4 4 1
1637552610 374 703 249 215 58 40 44 37 18 4 4 4 1
1637555671 374 703 250 215 58 41 44 37 18 4 4 4 1
1637568640 375 703 250 215 58 41 44 37 18 4 4 4 1
1637574152 376 703 250 215 58 42 44 37 18 4 4 4 1
1637576894 376 703 250 215 58 43 44 37 18 4 4 4 1
1637583608 376 703 250 215 58 44 44 37 18 4 4 4 1
1637589514 377 703 250 215 58 44 44 37 18 4 4 4 1
1637634005 378 703 250 215 58 44 44 37 18 4 4 4 1
1637663473 378 703 251 215 58 44 44 37 18 4 4 4 1
1637664656 379 703 251 215 58 44 44 37 18 4 4 4 1
1637674979 380 703 251 215 58 44 44 37 18 4 4 4 1
1637675036 381 703 251 215 58 44 44 37 18 4 4 4 1
1637675154 382 703 251 215 58 44 44 37 18 4 4 4 1
1637675229 383 703 251 215 58 44 44 37 18 4 4 4 1
1637718656 384 703 251 215 58 44 44 37 18 4 4 4 1
1637724837 385 703 251 215 58 44 44 37 18 4 4 4 1
1637725068 386 703 251 215 58 44 44 37 18 4 4 4 1
1637730322 387 703 251 215 58 44 44 37 18 4 4 4 1
1637732013 388 703 251 215 58 44 44 37 18 4 4 4 1
1637732387 390 703 251 215 58 44 44 37 18 4 4 4 1
1637734952 391 703 251 215 58 44 44 37 18 4 4 4 1
1637735848 392 703 251 215 58 44 44 37 18 4 4 4 1
1637736883 393 703 251 215 58 44 44 37 18 4 4 4 1
1637736968 394 703 251 215 58 44 44 37 18 4 4 4 1
1637738707 395 703 251 215 58 44 44 37 18 4 4 4 1
1637738774 396 703 251 215 58 44 44 37 18 4 4 4 1
1637742436 397 703 251 215 58 44 44 37 18 4 4 4 1
1637742669 398 703 251 215 58 44 44 37 18 4 4 4 1
1637745836 399 703 251 215 58 44 44 37 18 4 4 4 1
1637748360 400 703 251 215 58 44 44 37 18 4 4 4 1
1637751127 401 703 251 215 60 44 44 37 18 4 4 4 1
1637757257 401 703 251 215 61 44 44 37 18 4 4 4 1
1637762408 402 703 251 215 61 44 44 37 18 4 4 4 1
1637765810 403 703 251 215 61 44 44 37 18 4 4 4 1
1637814903 404 703 251 215 61 44 44 37 18 4 4 4 1
1637818434 405 703 251 215 61 44 44 37 18 4 4 4 1
1637819204 406 703 251 215 61 44 44 37 18 4 4 4 1
1637820860 407 703 251 215 61 44 44 37 18 4 4 4 1
1637823572 408 703 251 215 61 44 44 37 18 4 4 4 1
1637826959 408 703 251 215 61 45 44 37 18 4 4 4 1
1637828489 409 703 251 215 61 45 44 37 18 4 4 4 1
1637829584 410 703 251 215 61 45 44 37 18 4 4 4 1
1637830531 411 703 251 215 61 45 44 37 18 4 4 4 1
1637830966 412 703 251 215 61 45 44 37 18 4 4 4 1
1637836091 413 703 251 215 61 45 44 37 18 4 4 4 1
1637837077 414 703 251 215 61 45 44 37 18 4 4 4 1
1637846857 415 703 251 215 61 45 44 37 18 4 4 4 1
1637848342 416 703 251 215 61 45 44 37 18 4 4 4 1
1637889993 417 703 251 215 61 45 44 37 18 4 4 4 1
1637890116 418 703 251 215 61 45 44 37 18 4 4 4 1
1637890228 419 703 251 215 61 45 44 37 18 4 4 4 1
1637897456 420 703 251 218 61 45 44 37 18 4 4 4 1
1637900291 420 703 251 219 61 45 44 37 18 4 4 4 1
1637902114 421 703 251 219 61 45 44 37 18 4 4 4 1
1637903863 422 703 251 219 61 45 44 37 18 4 4 4 1
1637908650 423 703 251 219 61 45 44 37 18 4 4 4 1
1637908885 424 703 251 219 61 45 44 37 18 4 4 4 1
1637912870 425 703 251 219 61 45 44 37 18 4 4 4 1
1637914740 426 703 251 219 61 45 44 37 18 4 4 4 1
1637916223 427 703 251 219 61 45 44 37 18 4 4 4 1
1637916260 428 703 251 219 61 45 44 37 18 4 4 4 1
1637920150 430 703 251 220 61 45 44 37 18 4 4 4 1
1637922073 431 703 251 220 61 45 44 37 18 4 4 4 1
1637924751 432 703 251 220 61 45 44 37 18 4 4 4 1
1638022568 433 703 251 220 61 45 44 37 18 4 4 4 1
1638156260 434 703 251 220 61 45 44 37 18 4 4 4 1
1638158274 434 703 251 220 61 46 44 37 18 4 4 4 1
1638171619 434 703 251 220 61 47 44 37 18 4 4 4 1
1638180733 435 703 251 220 61 47 44 37 18 4 4 4 1
1638236531 435 703 251 221 61 47 44 37 18 4 4 4 1
1638236983 435 703 251 221 61 47 45 37 18 4 4 4 1
1638239652 436 703 251 221 61 47 45 37 18 4 4 4 1
1638243370 436 703 251 222 61 47 45 37 18 4 4 4 1
1638260087 437 703 251 222 61 47 45 37 18 4 4 4 1
1638260288 438 703 251 222 61 47 45 37 18 4 4 4 1
1638278342 438 703 251 222 61 48 45 37 18 4 4 4 1
1638279789 440 703 251 222 61 48 45 37 18 4 4 4 1
1638330662 441 703 251 222 61 48 45 37 18 4 4 4 1
1638332809 442 703 251 222 61 48 45 37 18 4 4 4 1
1638341482 443 703 251 222 61 48 45 37 18 4 4 4 1
1638341550 444 703 251 222 61 48 45 37 18 4 4 4 1
1638345356 445 703 251 222 61 48 45 37 18 4 4 4 1
1638345758 449 703 251 222 61 48 45 37 18 4 4 4 1
1638346713 450 703 251 222 61 48 45 37 18 4 4 4 1
1638349236 450 703 251 222 61 49 45 37 18 4 4 4 1
1638365838 452 703 251 222 61 50 45 37 18 4 4 4 1
1638406474 453 703 251 222 61 50 45 37 18 4 4 4 1
1638410594 455 703 251 222 61 50 45 37 18 4 4 4 1
1638414784 456 703 251 222 61 50 45 37 18 4 4 4 1
1638416164 457 703 251 222 61 50 45 37 18 4 4 4 1
1638417433 458 703 251 222 61 50 45 37 18 4 4 4 1
1638418740 459 703 251 222 61 50 45 37 18 4 4 4 1
1638419596 460 703 251 222 61 50 45 37 18 4 4 4 1
1638420188 461 703 251 222 61 50 45 37 18 4 4 4 1
1638420429 462 703 251 222 61 50 45 37 18 4 4 4 1
1638420552 463 703 251 222 61 50 45 37 18 4 4 4 1
1638424828 464 703 251 222 61 50 45 37 18 4 4 4 1
1638429505 465 703 251 222 61 50 45 37 18 4 4 4 1
1638429696 466 703 251 222 61 50 45 37 18 4 4 4 1
1638435525 466 703 251 223 61 50 45 37 18 4 4 4 1
1638439112 469 703 251 224 61 50 45 37 18 4 4 4 1
1638460781 469 703 251 225 61 50 45 37 18 4 4 4 1
1638495542 470 703 251 225 61 50 45 37 18 4 4 4 1
1638495876 471 703 251 225 61 50 45 37 18 4 4 4 1
1638496068 472 703 251 225 61 50 45 37 18 4 4 4 1
1638496184 473 703 251 225 61 50 45 37 18 4 4 4 1
1638496472 474 703 251 225 61 50 45 37 18 4 4 4 1
1638496697 475 703 251 225 61 50 45 37 18 4 4 4 1
1638500173 477 703 251 225 62 50 45 37 18 4 4 4 1
1638521536 477 703 252 225 62 50 45 37 18 4 4 4 1
1638523165 478 703 252 225 62 50 45 37 18 4 4 4 1
1638526273 478 703 252 225 62 50 45 37 18 5 4 4 1
1638529393 479 703 252 225 62 50 45 37 18 5 4 4 1
1638536935 480 703 252 225 62 50 45 37 18 5 4 4 1
1638538864 481 703 252 225 62 50 45 37 18 5 4 4 1
1638540762 482 703 252 225 62 50 45 37 18 5 4 4 1
1638547512 483 703 252 225 62 50 45 37 18 5 4 4 1
1638630187 484 703 252 226 62 50 45 37 18 5 4 4 1
1638758019 485 703 252 226 62 50 45 37 18 5 4 4 1
1638758051 486 703 252 226 62 50 45 37 18 5 4 4 1
1638758646 487 703 252 226 62 50 45 37 18 5 4 4 1
1638759621 488 703 252 226 62 50 45 37 18 5 4 4 1
1638760005 489 703 252 226 62 50 45 37 18 5 4 4 1
1638761159 490 703 252 226 62 50 45 37 18 5 4 4 1
1638761917 491 703 252 226 62 50 45 37 18 5 4 4 1
1638761993 492 703 252 226 62 50 45 37 18 5 4 4 1
1638762780 493 703 252 226 62 50 45 37 18 5 4 4 1
1638763533 494 703 252 226 62 50 45 37 18 5 4 4 1
1638763630 495 703 252 226 62 50 45 37 18 5 4 4 1
1638770214 496 703 252 226 62 50 45 37 18 5 4 4 1
1638772742 497 703 252 226 62 50 45 37 18 5 4 4 1
1638778795 498 703 252 226 62 50 45 37 18 5 4 4 1
1638780913 499 703 252 226 64 50 45 37 18 5 4 4 1
1638782589 500 703 252 226 64 50 45 37 18 5 4 4 1
1638784028 501 703 252 226 64 50 45 37 18 5 4 4 1
1638784864 502 703 252 226 64 50 45 37 18 5 4 4 1
1638785387 503 703 252 226 64 50 45 37 18 5 4 4 1
1638786470 504 703 252 226 64 50 45 37 18 5 4 4 1
1638790425 505 703 252 226 64 50 45 37 18 5 4 4 1
1638842283 506 703 252 226 64 50 45 37 18 5 4 4 1
1638842754 507 703 252 226 64 50 45 37 18 5 4 4 1
1638842956 508 703 252 226 64 50 45 37 18 5 4 4 1
1638844637 508 703 252 227 64 50 45 37 18 5 4 4 1
1638846825 509 703 252 227 64 50 45 37 18 5 4 4 1
1638848004 509 703 252 228 64 50 45 37 18 5 4 4 1
1638849715 510 703 252 228 64 50 45 37 18 5 4 4 1
1638850691 511 703 252 228 64 51 45 37 18 5 4 4 1
1638859657 512 703 252 228 64 52 45 37 18 5 4 4 1
1638860913 513 703 252 228 64 52 45 37 18 5 4 4 1
1638872869 513 703 252 229 64 52 45 37 18 5 4 4 1
1638875586 514 703 252 229 64 52 45 37 18 5 4 4 1
1638876513 515 703 252 229 64 52 45 37 18 5 4 4 1
1638878570 516 703 252 229 64 52 45 37 18 5 4 4 1
1638878852 517 703 252 229 64 52 45 37 18 5 4 4 1
1638879729 518 703 252 229 64 52 45 37 18 5 4 4 1
1638880270 519 703 252 229 64 52 45 37 18 5 4 4 1
1638882247 520 703 252 229 64 52 45 37 18 5 4 4 1
1638882522 521 703 252 229 64 52 45 37 18 5 4 4 1
1638883245 522 703 252 229 64 52 45 37 18 5 4 4 1
1638884334 523 703 252 229 64 52 45 37 18 5 4 4 1
1638925172 524 703 252 229 64 52 45 37 18 5 4 4 1
1638926114 525 703 252 229 64 52 45 37 18 5 4 4 1
1638927128 526 703 252 229 64 52 45 37 18 5 4 4 1
1638928061 527 703 252 229 64 52 45 37 18 5 4 4 1
1638929409 528 703 252 229 64 52 45 37 18 5 4 4 1
1638929432 529 703 252 229 64 52 45 37 18 5 4 4 1
1638930669 530 703 252 229 64 52 45 37 18 5 4 4 1
1638931255 531 703 252 229 64 52 45 37 18 5 4 4 1
1638932339 531 703 252 230 64 52 45 37 18 5 4 4 1
1638938029 532 703 252 230 64 52 45 37 18 5 4 4 1
1638940392 533 703 252 230 64 52 45 37 18 5 4 4 1
1638952975 534 703 252 230 64 52 45 37 18 5 4 4 1
1638957825 535 703 252 230 64 52 45 37 18 5 4 4 1
1638976613 536 703 252 230 64 52 45 37 18 5 4 4 1
1638977640 537 703 252 230 64 52 45 37 18 5 4 4 1
1639014421 538 703 252 230 64 52 45 37 18 5 4 4 1
1639018079 538 703 252 231 64 52 45 37 18 5 4 4 1
1639018951 539 703 252 231 64 52 45 37 18 5 4 4 1
1639019386 540 703 252 231 64 52 45 37 18 5 4 4 1
1639020467 541 703 252 231 64 52 45 37 18 5 4 4 1
1639023996 542 703 252 231 64 52 45 37 18 5 4 4 1
1639024162 542 703 252 232 64 52 45 37 18 5 4 4 1
1639025152 542 703 252 233 64 52 45 37 18 5 4 4 1
1639025384 542 703 252 234 64 52 45 37 18 5 4 4 1
1639030283 542 703 252 234 64 53 45 37 18 5 4 4 1
1639037292 543 703 252 234 64 53 45 37 18 5 4 4 1
1639037906 544 703 252 234 64 53 45 37 18 5 4 4 1
1639038643 545 703 252 234 64 53 45 37 18 5 4 4 1
1639093414 547 703 252 234 64 53 45 37 18 5 4 4 1
1639100419 548 703 252 234 64 53 45 37 18 5 4 4 1
1639101188 549 703 252 234 64 53 45 37 18 5 4 4 1
1639101274 550 703 252 234 64 53 45 37 18 5 4 4 1
1639108368 551 703 252 234 64 53 45 37 18 5 4 4 1
1639108402 552 703 252 234 64 53 45 37 18 5 4 4 1
1639108438 553 703 252 234 64 53 45 37 18 5 4 4 1
1639109367 554 703 252 234 64 53 45 37 18 5 4 4 1
1639121641 554 703 252 234 64 54 45 37 18 5 4 4 1
1639125564 555 703 252 234 64 54 45 37 18 5 4 4 1
1639127150 556 703 252 234 64 54 45 37 18 5 4 4 1
1639127350 557 703 252 234 64 54 45 37 18 5 4 4 1
1639127668 558 703 252 234 64 54 45 37 18 5 4 4 1
1639127897 559 703 252 234 64 54 45 37 18 5 4 4 1
1639129366 560 703 252 234 64 54 45 37 18 5 4 4 1
1639134350 561 703 252 234 64 54 45 37 18 5 4 4 1
1639135262 562 703 252 234 64 54 45 37 18 5 4 4 1
1639141283 563 703 252 234 64 54 45 37 18 5 4 4 1
1639141356 564 703 252 234 64 54 45 37 18 5 4 4 1
1639141423 565 703 252 234 64 54 45 37 18 5 4 4 1
1639143274 566 703 252 234 64 54 45 37 18 5 4 4 1
1639362093 567 703 252 234 64 54 45 37 18 5 4 4 1
1639363097 568 703 252 234 64 54 45 37 18 5 4 4 1
1639451388 568 703 252 235 64 54 45 37 18 5 4 4 1
1639451465 568 703 252 236 64 54 45 37 18 5 4 4 1
1639451480 568 703 252 237 64 54 45 37 18 5 4 4 1
1639451495 568 703 252 238 64 54 45 37 18 5 4 4 1
1639452922 568 703 252 239 64 54 45 37 18 5 4 4 1
1639458205 569 703 252 239 64 54 45 37 18 5 4 4 1
1639468598 570 703 252 239 64 54 45 37 18 5 4 4 1
1639477708 574 703 252 240 64 54 45 37 18 5 4 4 1
1639478425 575 703 252 240 79 54 45 37 18 5 4 4 1
1639480397 575 703 252 240 80 54 45 37 18 5 4 4 1
1639495016 576 703 252 240 80 54 45 37 18 5 4 4 1
1639531327 577 703 252 240 80 54 45 37 18 5 4 4 1
1639531348 578 703 252 240 80 54 45 37 18 5 4 4 1
1639531381 579 703 252 240 80 54 45 37 18 5 4 4 1
1639531441 580 703 252 240 80 54 45 37 18 5 4 4 1
1639534848 583 703 252 240 80 55 45 37 18 5 4 4 1
1639536860 584 703 252 240 80 55 45 37 18 5 4 4 1
1639537165 585 703 252 240 80 55 45 37 18 5 4 4 1
1639538684 585 703 252 241 80 55 45 37 18 5 4 4 1
1639543005 585 703 252 242 80 55 45 37 18 5 4 4 1
1639545556 585 703 252 242 80 56 46 37 18 5 4 4 1
1639552672 585 703 252 242 80 57 46 37 18 5 4 4 1
1639555780 585 703 252 242 80 58 46 37 18 5 4 4 1
1639560854 586 703 252 243 80 58 46 37 18 5 4 4 1
1639562830 587 703 252 243 80 58 46 37 18 5 4 4 1
1639564399 588 703 252 243 80 58 46 37 18 5 4 4 1
1639568158 589 703 252 243 80 58 46 37 18 5 4 4 1
1639620292 590 703 252 243 80 58 46 37 18 5 4 4 1
1639620335 591 703 252 243 80 58 46 37 18 5 4 4 1
1639620509 592 703 252 243 80 58 46 37 18 5 4 4 1
1639622677 593 703 252 243 80 58 46 37 18 5 4 4 1
1639626559 594 703 252 243 80 58 46 37 18 5 4 4 1
1639636159 595 703 252 243 80 58 46 37 18 5 4 4 1
1639656736 595 703 252 244 80 58 46 37 18 5 4 4 1
1639720985 602 703 252 245 80 58 46 37 18 5 4 4 1
1639725317 603 703 252 245 80 58 46 37 18 5 4 4 1
1639725796 604 703 252 245 80 58 46 37 18 5 4 4 1
1639727022 605 703 252 245 80 58 46 37 18 5 4 4 1
1639729654 606 703 252 245 80 58 46 37 18 5 4 4 1
1639730142 607 703 252 245 80 58 46 37 18 5 4 4 1
1639740264 608 703 252 245 80 58 46 37 18 5 4 4 1
1639741007 609 703 252 245 80 58 46 37 18 5 4 4 1
1639742755 610 703 252 245 80 58 46 37 18 5 4 4 1
1639743093 611 703 252 245 80 58 46 37 18 5 4 4 1
1639970803 613 703 252 245 80 58 46 37 18 5 4 4 1
1639994432 614 703 252 245 80 58 46 37 18 5 4 4 1
1639996509 615 703 252 245 80 58 46 37 18 5 4 4 1
1639997126 616 703 252 245 80 58 46 37 18 5 4 4 1
1639999734 617 703 252 245 80 58 46 37 18 5 4 4 1
1640053151 618 703 252 245 80 58 46 37 18 5 4 4 1
1640061054 619 703 252 245 80 58 46 37 18 5 4 4 1
1640062472 620 703 252 245 80 58 46 37 18 5 4 4 1
1640074859 620 703 252 245 80 59 46 37 18 5 4 4 1
1640094206 621 703 252 246 80 59 46 37 18 5 4 4 1
1640097079 622 703 252 246 80 59 46 37 18 5 4 4 1
1640098112 623 703 252 246 80 59 46 37 18 5 4 4 1
1640099262 624 703 252 246 80 59 46 37 18 5 4 4 1
1640141807 624 703 252 247 80 59 46 37 18 5 4 4 1
1640141834 625 703 252 247 80 59 46 37 18 5 4 4 1
1640165879 626 703 252 247 80 59 46 37 18 5 4 4 1
1640165892 627 703 252 247 80 59 46 37 18 5 4 4 1
1640169492 627 703 252 248 80 59 46 37 18 5 4 4 1
1640170823 628 703 252 248 80 59 46 37 18 5 4 4 1
1640171803 629 703 252 248 80 59 46 37 18 5 4 4 1
1640179687 630 703 252 248 80 59 46 37 18 5 4 4 1
1640226703 631 703 252 248 80 59 46 37 18 5 4 4 1
1640235732 632 703 252 248 80 59 46 37 18 5 4 4 1
1640235822 633 703 252 248 80 59 46 37 18 5 4 4 1
1640257123 634 703 252 248 80 59 46 37 18 5 4 4 1
1640259373 635 703 252 248 80 59 46 37 18 5 4 4 1
1640313351 636 703 252 248 80 59 46 37 18 5 4 4 1
1640313381 637 703 252 248 80 59 46 37 18 5 4 4 1
1640314617 638 703 252 249 80 59 46 37 18 5 4 4 1
1640318471 639 703 252 249 80 59 46 37 18 5 4 4 1
1640322091 639 703 252 249 80 60 46 37 18 5 4 4 1
1640323554 640 703 252 249 80 60 46 37 18 5 4 4 1
1640327028 641 703 252 249 80 60 46 37 18 5 4 4 1
1640327156 642 703 252 249 80 60 46 37 18 5 4 4 1
1640328150 643 703 252 249 80 60 46 37 18 5 4 4 1
1640328980 644 703 252 249 80 60 46 37 18 5 4 4 1
1640329006 645 703 252 249 80 60 46 37 18 5 4 4 1
1640329040 646 703 252 249 80 60 46 37 18 5 4 4 1
1640331308 647 703 252 249 80 60 46 37 18 5 4 4 1
1640331323 648 703 252 249 80 60 46 37 18 5 4 4 1
1640332265 649 703 252 249 80 60 46 37 18 5 4 4 1
1640332307 650 703 252 249 80 60 46 37 18 5 4 4 1
1640332806 651 703 252 249 80 60 46 37 18 5 4 4 1
1640335418 652 703 252 249 80 60 46 37 18 5 4 4 1
1640335425 653 703 252 249 80 60 46 37 18 5 4 4 1
1640336500 654 703 252 249 80 60 46 37 18 5 4 4 1
1640337939 655 703 252 249 80 60 46 37 18 5 4 4 1
1640339199 656 703 252 249 80 60 46 37 18 5 4 4 1
1640340295 657 703 252 249 80 60 46 37 18 5 4 4 1
1640571127 657 703 252 249 80 61 46 37 18 5 4 4 1
1640589799 663 703 252 249 80 61 46 37 18 5 4 4 1
1640608741 664 703 252 249 80 61 46 37 18 5 4 4 1
1640659308 665 703 252 249 80 61 46 37 18 5 4 4 1
1640660850 666 703 252 249 80 61 46 37 18 5 4 4 1
1640661301 667 703 252 249 80 61 46 37 18 5 4 4 1
1640666303 668 703 252 249 80 61 46 37 18 5 4 4 1
1640668418 669 703 252 249 80 61 46 37 18 5 4 4 1
1640684370 670 703 252 249 80 61 46 37 18 5 4 4 1
1640687748 671 703 252 249 80 61 46 37 18 5 4 4 1
1640690481 671 703 252 249 80 61 46 38 18 5 4 4 1
1640691064 671 703 252 249 95 61 46 39 18 5 4 4 1
1640691908 671 703 252 249 96 61 46 39 18 5 4 4 1
1640694449 672 703 252 249 96 61 46 39 18 5 4 4 1
1640694603 673 703 252 249 96 61 46 39 18 5 4 4 1
1640740645 673 703 252 249 100 62 46 39 18 5 4 4 1
1640744041 674 703 252 249 101 62 46 39 18 5 4 4 1
1640747374 675 703 252 249 101 62 46 39 18 5 4 4 1
1640749781 675 703 252 249 102 62 46 39 18 5 4 4 1
1640751582 675 703 252 249 103 62 46 39 18 5 4 4 1
1640751595 675 703 252 249 104 62 46 39 18 5 4 4 1
1640763059 676 703 252 249 104 62 46 39 18 5 4 4 1
1640764774 677 703 252 249 104 62 46 39 18 5 4 4 1
1640765902 678 703 252 249 104 62 46 39 18 5 4 4 1
1640771769 678 703 252 249 104 63 46 39 18 5 5 4 1
1640772908 679 703 252 249 104 63 46 39 18 5 5 4 1
1640774324 679 703 252 250 104 63 46 39 18 5 5 4 1
1640775764 679 703 252 251 104 63 46 39 18 5 5 4 1
1640784812 679 703 252 252 104 63 46 39 18 5 5 4 1
1640830323 679 703 252 252 105 63 46 39 18 5 5 4 1
1640830392 679 703 252 252 106 63 46 39 18 5 5 4 1
1640833783 679 703 252 252 107 63 46 39 18 5 5 4 1
1640836027 680 703 252 252 107 63 46 39 18 5 5 4 1
1640841802 681 703 252 252 107 63 46 39 18 5 5 4 1
1640848036 682 703 252 252 107 63 46 39 18 5 5 4 1
1640849043 683 703 252 252 107 63 46 39 18 5 5 4 1
1640849749 684 703 252 252 107 63 46 39 18 5 5 4 1
1640851562 685 703 252 252 107 63 46 39 18 5 5 4 1
1640852647 686 703 252 252 107 63 46 39 18 5 5 4 1
1640855502 687 703 252 252 107 63 46 39 18 5 5 4 1
1640856281 688 703 254 252 107 64 46 39 18 5 5 4 1
1640858183 688 703 254 252 107 65 46 39 18 5 5 4 1
1640862263 690 703 254 253 107 65 46 39 18 5 5 4 1
1640864310 691 703 254 253 107 65 46 39 18 5 5 4 1
1640916386 691 703 254 253 108 65 46 39 18 5 5 4 1
1640916660 692 703 254 253 108 65 46 39 18 5 5 4 1
1640916703 693 703 254 253 108 65 46 39 18 5 5 4 1
1640917711 694 703 254 253 108 65 46 39 18 5 5 4 1
1640919559 694 703 254 254 108 65 46 39 18 5 5 4 1
1640921190 694 703 254 254 109 65 46 39 18 5 5 4 1
1640921211 694 703 254 254 110 65 46 39 18 5 5 4 1
1640924151 695 703 254 254 110 65 46 39 18 5 5 4 1
1640925015 696 703 254 254 110 65 46 39 18 5 5 4 1
1640925590 697 703 254 254 110 65 46 39 18 5 5 4 1
1640926619 698 703 254 254 110 65 46 39 18 5 5 4 1
1640932611 698 703 254 254 111 65 46 39 18 5 5 4 1
1640934290 699 703 254 254 111 65 46 39 18 5 5 4 1
1640941367 700 703 254 254 111 65 46 39 18 5 5 4 1
1640941387 701 703 254 254 111 65 46 39 18 5 5 4 1
1640944897 702 703 254 254 111 65 46 39 18 5 5 4 1
1640945198 703 703 254 254 111 65 46 39 18 5 5 4 1
1640945336 704 703 254 254 111 65 46 39 18 5 5 4 1
1640945413 705 703 254 254 111 65 46 39 18 5 5 4 1
1640945447 706 703 254 254 111 65 46 39 18 5 5 4 1
1640945509 707 703 254 254 111 65 46 39 18 5 5 4 1
1640946187 708 703 254 254 113 65 46 39 18 5 5 4 1
1640946898 708 703 254 254 114 65 46 39 18 5 5 4 1
1640948377 708 703 254 254 115 65 46 39 18 5 5 4 1
1640949287 708 703 254 254 116 65 46 39 18 5 5 4 1
1641095068 708 703 254 254 116 66 46 39 18 6 5 4 1
1641263526 709 703 254 254 116 66 46 39 18 6 5 4 1
1641263953 710 703 254 254 116 66 46 39 18 6 5 4 1
1641265651 710 703 254 254 116 67 46 39 18 6 5 4 1
1641266641 711 703 254 254 116 67 46 39 18 6 5 4 1
1641268320 712 703 254 254 116 67 46 39 18 6 5 4 1
1641270101 712 703 254 254 116 68 47 39 18 6 5 4 1
1641271030 713 703 254 254 116 68 47 39 18 6 5 4 1
1641279822 714 703 254 254 116 68 47 39 18 6 5 4 1
1641283479 714 703 254 254 116 69 47 39 18 6 5 4 1
1641284620 715 703 254 254 116 69 47 39 18 6 5 4 1
1641287224 715 703 254 254 116 69 48 39 18 6 5 4 1
1641290029 715 703 254 254 116 69 49 39 18 6 5 4 1
1641296887 715 703 254 254 116 70 49 39 18 6 5 4 1
1641348938 716 703 254 254 116 70 49 39 18 6 5 4 1
1641353353 717 703 254 254 116 70 49 39 18 6 5 4 1
1641353430 718 703 255 254 116 70 49 39 18 6 5 4 1
1641357248 719 703 255 254 116 70 49 39 18 6 5 4 1
1641373354 720 703 255 254 116 70 49 39 18 6 5 4 1
1641373405 721 703 255 254 116 70 49 39 18 6 5 4 1
1641373465 722 703 255 254 116 70 49 39 18 6 5 4 1
1641387219 722 703 255 254 117 71 49 39 18 6 5 4 1
1641388489 724 703 255 254 118 71 49 39 18 6 5 4 1
1641442675 725 703 255 254 118 71 49 39 18 6 5 4 1
1641444604 725 703 255 254 118 71 50 39 18 6 5 4 1
1641445928 725 703 255 254 118 71 51 39 18 6 5 4 1
1641448029 726 703 255 254 118 71 52 39 18 6 5 4 1
1641463373 727 703 255 254 118 71 52 39 18 6 5 4 1
1641463500 728 703 255 254 118 71 52 39 18 6 5 4 1
1641463567 729 703 255 254 118 71 52 39 18 6 5 4 1
1641463600 730 703 255 254 118 71 52 39 18 6 5 4 1
1641463651 731 703 255 254 118 71 52 39 18 6 5 4 1
1641463682 732 703 255 254 118 71 52 39 18 6 5 4 1
1641463720 733 703 255 254 118 71 52 39 18 6 5 4 1
1641463842 733 703 255 254 118 72 52 39 18 6 5 4 1
1641464726 734 703 255 254 118 72 52 39 18 6 5 4 1
1641475556 735 703 255 254 118 72 52 39 18 6 5 4 1
1641475590 736 703 255 254 118 72 52 39 18 6 5 4 1
1641475614 737 703 255 254 118 72 52 39 18 6 5 4 1
1641475640 738 703 255 254 118 72 52 39 18 6 5 4 1
1641475688 739 703 255 254 118 72 52 39 18 6 5 4 1
1641485145 740 703 255 254 118 72 52 39 18 6 5 4 1
1641485292 741 703 255 254 118 72 52 39 18 6 5 4 1
1641485349 742 703 255 254 118 72 52 39 18 6 5 4 1
1641485390 743 703 255 254 118 72 52 39 18 6 5 4 1
1641486288 744 703 255 254 118 72 52 39 18 6 5 4 1
1641522783 745 703 255 254 118 72 52 39 18 6 5 4 1
1641526986 746 703 255 254 118 72 52 39 18 6 5 4 1
1641528016 747 703 255 254 118 72 52 39 18 6 5 4 1
1641528423 748 703 255 254 118 72 52 39 18 6 5 4 1
1641530161 749 703 255 254 118 72 52 39 18 6 5 4 1
1641534903 750 703 255 254 118 72 52 39 18 6 5 4 1
1641536802 751 703 255 254 118 72 52 39 18 6 5 4 1
1641540295 752 703 255 254 118 72 52 39 18 6 5 4 1
1641542774 753 703 255 254 118 72 52 39 18 6 5 4 1
1641543958 754 703 255 254 118 72 52 39 18 6 5 4 1
1641545149 754 703 256 254 118 72 52 39 18 6 5 4 1
1641545196 756 703 257 254 118 72 52 39 18 6 5 4 1
1641550993 757 703 257 254 118 72 52 39 18 6 5 4 1
1641567990 762 703 257 254 118 72 53 39 18 6 5 4 1
1641783223 763 703 257 254 118 72 53 39 18 6 5 4 1
1641786331 763 703 258 254 118 72 53 39 18 6 5 4 1
1641792822 763 703 259 254 118 72 53 39 18 6 5 4 1
1641798545 764 703 259 254 118 72 53 39 18 6 5 4 1
1641799328 765 703 259 254 118 72 53 39 18 6 5 4 1
1641800500 766 703 259 254 118 72 53 39 18 6 5 4 1
1641800792 767 703 259 254 118 72 53 39 18 6 5 4 1
1641802459 768 703 259 254 119 72 53 39 18 6 5 4 1
1641806619 768 703 260 254 119 72 53 39 18 6 5 4 1
1641806668 768 703 260 254 120 72 53 39 18 6 5 4 1
1641808113 769 703 260 254 120 72 53 39 18 6 5 4 1
1641808142 770 703 260 254 120 72 53 39 18 6 5 4 1
1641810242 771 703 260 254 120 72 53 39 18 6 5 4 1
1641886489 772 703 260 254 120 72 53 39 18 6 5 4 1
1641891154 773 703 260 254 120 72 53 39 18 6 5 4 1
1641891558 774 703 260 254 120 72 53 39 18 6 5 4 1
1641892376 775 703 260 254 120 72 53 39 18 6 5 4 1
1641893101 776 703 260 254 120 72 53 39 18 6 5 4 1
1641901215 777 703 260 254 120 72 53 39 18 6 5 4 1
1641917073 778 703 260 254 120 72 53 39 18 6 5 4 1
1641953664 779 703 260 254 120 72 53 39 18 6 5 4 1
1641957081 780 703 260 254 120 73 53 39 18 6 5 4 1
1641963043 780 703 260 254 120 74 53 39 18 6 5 4 1
1641974482 780 703 260 254 121 74 53 39 18 6 5 4 1
1641974767 780 703 260 254 122 74 53 39 18 6 5 4 1
1641981194 781 703 260 254 122 74 53 39 18 6 5 4 1
1641981228 782 703 260 254 122 74 53 39 18 6 5 4 1
1641981274 783 703 260 254 122 74 53 39 18 6 5 4 1
1641981317 784 703 260 254 122 74 53 39 18 6 5 4 1
1641981367 785 703 260 254 122 74 53 39 18 6 5 4 1
1641981440 786 703 260 254 122 74 53 39 18 6 5 4 1
1641981902 787 703 260 254 122 74 53 39 18 6 5 4 1
1642043383 787 703 260 255 122 74 53 39 18 6 5 4 1
1642047696 787 703 260 256 122 74 53 39 18 6 5 4 1
1642047813 787 703 260 257 122 74 53 39 18 6 5 4 1
1642052574 788 703 260 257 122 74 53 39 18 6 5 4 1
1642052608 789 703 260 257 122 74 53 39 18 6 5 4 1
1642053338 790 703 260 257 122 74 53 39 18 6 5 4 1
1642060599 790 703 260 257 123 74 53 39 18 6 5 4 1
1642067427 790 703 260 257 124 74 53 39 18 6 5 4 1
1642071447 791 703 260 257 124 74 53 39 18 6 5 4 1
1642071477 792 703 260 257 124 74 53 39 18 6 5 4 1
1642071562 793 703 260 257 124 74 53 39 18 6 5 4 1
1642071608 794 703 260 257 124 74 53 39 18 6 5 4 1
1642071633 795 703 260 257 124 74 53 39 18 6 5 4 1
1642071792 796 703 260 257 124 74 53 39 18 6 5 4 1
1642072467 797 703 260 257 124 74 53 39 18 6 5 4 1
1642073450 797 703 260 257 124 74 54 39 18 6 5 4 1
1642074917 798 703 260 257 124 74 54 39 18 6 5 4 1
1642133642 799 703 260 257 124 74 54 39 18 6 5 4 1
1642133718 800 703 261 257 124 74 54 39 18 6 5 4 1
1642145207 800 703 262 257 124 74 54 39 18 6 5 4 1
1642148193 800 703 262 258 124 74 54 39 18 6 5 4 1
1642216841 800 703 262 258 124 74 55 39 18 6 5 4 1
1642223373 800 703 262 258 124 74 56 39 18 6 5 4 1
1642385191 814 703 262 258 124 74 57 39 18 6 5 4 1
1642470133 815 703 262 258 124 74 57 39 18 6 5 4 1
1642477548 815 703 262 258 124 74 58 39 18 6 5 4 1
1642478074 816 703 262 258 124 74 58 39 18 6 5 4 1
1642489512 818 703 262 258 124 75 59 39 18 6 5 4 1
1642490046 819 703 262 258 124 75 59 39 18 6 5 4 1
1642493305 820 703 262 258 124 75 59 39 18 6 5 4 1
1642493509 821 703 262 258 124 75 59 39 18 6 5 4 1
1642493944 822 703 262 258 124 75 59 39 18 6 5 4 1
1642494193 823 703 262 258 124 75 59 39 18 6 5 4 1
1642562489 824 703 264 258 124 75 59 39 18 6 5 4 1
1642566316 824 703 265 258 124 75 59 39 18 6 5 4 1
1642566556 825 703 266 258 124 75 59 39 18 6 5 4 1
1642568242 826 703 266 258 124 75 59 39 18 6 5 4 1
1642569505 827 703 266 258 124 75 59 39 18 6 5 4 1
1642570267 828 703 266 258 124 75 59 39 18 6 5 4 1
1642570389 828 703 267 258 124 75 59 39 18 6 5 4 1
1642571086 829 703 267 258 124 75 59 39 18 6 5 4 1
1642572239 830 703 267 258 124 75 59 39 18 6 5 4 1
1642573734 831 703 267 258 124 75 59 39 18 6 5 4 1
1642575967 832 703 267 258 124 75 59 39 18 6 5 4 1
1642577241 833 703 267 258 124 75 59 39 18 6 5 4 1
1642579668 833 703 268 258 124 75 59 39 18 6 5 4 1
1642579679 833 703 268 259 124 75 59 39 18 6 5 4 1
1642582266 834 703 268 259 124 75 59 39 18 6 5 4 1
1642590032 835 703 268 259 124 75 59 39 18 6 5 4 1
1642647219 836 703 268 259 124 75 59 39 18 6 5 4 1
1642650666 837 703 270 259 124 75 59 39 18 6 5 4 1
