1609397667 24
1609489736 0
1609745405 25
1609745416 35
1609751834 -26
1609752363 25
1609753437 -26
1609809109 -22
1609812709 -19
1609816565 3
1609816572 9
1609818326 -3
1609836316 -5
1609901088 -4
1609989595 40
1609990834 40
1609990851 61
1609990863 121
1609991283 158
1609991564 178
1609992094 235
1609992318 235
1610003382 228
1610003396 426
1610006926 510
1610008016 682
1610009265 697
1610009406 805
1610010993 889
1610011591 966
1610013531 1059
1610014192 1118
1610014695 1175
1610015313 1189
1610015685 1253
1610016808 1362
1610072346 1425
1610072977 1528
1610074307 1612
1610076352 1690
1610076364 1738
1610076414 1738
1610076627 1746
1610081884 1763
1610081896 1838
1610081941 1863
1610081967 1899
1610088343 1905
1610088353 2001
1610093616 2114
1610096452 2032
1610331726 2036
1610333987 2049
1610333998 2098
1610336877 3041
1610337532 2099
1610348454 2091
1610353348 2606
1610354003 2673
1610355818 2091
1610355858 2679
1610357400 2718
1610358311 2730
1610362188 2959
1610370025 2742
1610370074 2794
1610415152 2736
1610432548 2959
1610432947 2959
1610433294 2957
1610434051 2957
1610434202 3043
1610434634 3045
1610434654 3057
1610435456 2934
1610435521 2934
1610438240 2934
1610439746 2935
1610441221 2937
1610442758 2937
1610442769 2938
1610445638 3058
1610446008 2937
1610446644 3067
1610510465 3069
1610513116 3069
1610527409 3136
1610527433 2897
1610527470 -5982
1610527975 -2222
1610530217 3069
1610531584 3067
1610540457 3068
1610546028 3112
1610546186 3112
1610546750 3134
1610588602 3134
1610589273 3134
1610590223 3134
1610599039 -2193
1610601749 -2187
1610610967 3132
1610614247 3125
1610619187 -2586
1610676988 3129
1610939393 -2590
1610951348 -2582
1610952088 -2582
1610952495 -2580
1610954926 -2580
1610956406 -2568
1610960327 -2624
1610961646 -2624
1610963204 -2623
1610963375 -2623
1610965692 -2608
1610967765 -2606
1610967776 -2604
1610967952 -2593
1610968181 -2581
1610970412 -2581
1611021622 -2581
1611021801 -2577
1611023057 -2573
1611028425 -2573
1611034904 -2569
1611035670 -2667
1611035858 -2667
1611036804 -2655
1611038155 -2646
1611049708 -2354
1611050915 -2649
1611120345 -2352
1611121107 -2359
1611121160 -2359
1611125150 -2357
1611125583 -2359
1611226586 -2359
1611289351 -2334
1611290035 -2326
1611290772 -2302
1611290951 -2300
1611290988 -2300
1611293133 -2300
1611293330 -2300
1611293579 -2300
1611294834 -2299
1611295416 -2299
1611295745 -2297
1611297076 -2300
1611299223 -2336
1611300597 -2247
1611301227 -2216
1611303385 -2303
1611303671 -2305
1611305186 -2211
1611305711 -2216
1611305924 -2205
1611315015 -2205
1611315040 -2203
1611315058 -2201
1611315104 -2166
1611315649 -2184
1611315899 -2173
1611325292 -2224
1611332488 -2074
1611335911 -2042
1611335954 -2042
1611370853 -2223
1611370920 -2222
1611405440 -2042
1611547219 -2033
1611547763 -2033
1611558159 -2033
1611666551 -2017
1611666560 -1999
1611667176 -1954
1611668814 -1956
1611714208 -1959
1611716078 -1959
1611719009 -1842
1611719027 -1790
1611719055 -1790
1611720284 -1790
1611720392 -1789
1611720482 -1819
1611729360 -1816
1611735994 -1815
1611744290 -1815
1611745487 -1806
1611747321 -1814
1611748270 -1842
1611748311 -1844
1611748757 -1848
1611748872 -1850
1611806870 -1873
1611824579 -1839
1611830263 -1839
1611967316 -1841
1612146915 -1823
1612147126 -1816
1612148773 -1816
1612149897 -1816
1612153048 -1778
1612153280 -1774
1612160751 -1778
1612194909 -1778
1612236455 -1816
1612239596 -1818
1612265430 -1818
1612320269 -1816
1612320303 -1777
1612322305 -1701
1612323190 -1696
1612327404 -1670
1612329163 -1670
1612333019 -1655
1612403841 -1663
1612403951 -1663
1612405003 -1653
1612407979 -1659
1612418108 -1655
1612420700 -1654
1612429471 -1488
1612443362 -1454
1612591709 -1372
1612595661 -1365
1612595763 -1245
1612599166 -1127
1612599739 -1128
1612667261 -1454
1612667965 -1451
1612669304 -1423
1612669912 -1423
1612673890 -1125
1612679591 -1123
1612680291 -1129
1612681270 -1122
1612681630 -1145
1612689343 -1142
1612690871 -1142
1612691104 -1142
1612691244 -1142
1612691390 -1142
1612691529 -1142
1612692867 -1139
1613700448 -1139
1613809338 -1128
1613809349 -1136
1613810317 -1137
1613812317 -1145
1613813881 -911
1613814832 -902
1613818309 -1145
1613870025 -865
1613961706 -865
1613964094 -865
1613966653 -865
1613966830 -865
1613967310 -876
1613978274 -1034
1613978395 -1034
1613978846 -1232
1613978978 -1365
1613979590 -1363
1613983202 -1299
1613986393 -1294
1613988325 -1294
1613989334 -1293
1613992028 -1293
1613993686 -1293
1613997038 -1289
1613999011 -1280
1614000423 -1285
1614003003 -1453
1614040946 -1448
1614043886 -1452
1614047237 -1623
1614047572 -1735
1614049294 -1726
1614049916 -1726
1614051337 -1622
1614051826 -1622
1614053118 -1623
1614053730 -1558
1614063281 -1560
1614074622 -1559
1614129572 -1563
1614129662 -1563
1614130925 -1571
1614131379 -1582
1614149831 -1543
1614149929 -1542
1614150122 -1539
1614151934 -1539
1614154211 -1526
1614154260 -1526
1614158308 -1526
1614212932 -1526
1614215034 -1526
1614220931 -1447
1614221412 -1398
1614221425 -1407
1614221430 -1462
1614222456 -1462
1614223788 -1428
1614224920 -1449
1614226500 -1451
1614226795 -1451
1614226888 -1342
1614229440 -1342
1614239428 -1343
1614241964 -1338
1614242372 -1338
1614243314 -1338
1614248886 -1338
1614248893 -1334
1614250927 -1332
1614250943 -1317
1614251746 -1286
1614269859 -1285
1614272119 -1253
1614330137 -1253
1614330314 -1216
1614330340 -1286
1614334383 -1262
1614387140 -1251
1614437621 -1249
1614438078 -1249
1614475988 -1237
1614581673 -1108
1614581697 -1009
1614582245 -1009
1614583799 -1007
1614585486 -1009
1614588090 -1008
1614588106 -974
1614595289 -887
1614595759 -975
1614595953 -879
1614601484 -881
1614602897 -903
1614608936 -905
1614611199 -903
1614612150 -904
1614653834 -904
1614668277 -936
1614668358 -936
1614668924 -906
1614669461 -936
1614670894 -862
1614672771 -847
1614675466 -847
1614688345 -847
1614692975 -846
1614732014 -846
1614732188 -852
1614732464 -849
1614735230 -849
1614737233 -845
1614738547 -837
1614744477 -840
1614763734 -818
1614763884 -632
1614825591 -621
1614825928 -615
1614826232 -632
1614848056 -281
1614855738 -273
1614857285 -273
1614868362 -432
1614869485 -414
1614872485 -396
1614910481 -393
1614912101 -393
1614912628 -393
1614912795 -376
1614913276 -339
1614921037 -341
1614921764 -310
1614922601 -376
1614924006 -288
1614927352 -345
1614928963 -105
1614932066 -83
1614933277 -83
1614933983 -82
1614936242 -36
1614936345 -36
1614936423 -208
1614940240 -52
1614940517 -47
1614940817 -44
1614993663 -186
1615086755 -185
1615086783 -53
1615170781 -53
1615172498 -46
1615173144 -45
1615173165 -40
1615173262 -40
1615173512 -40
1615173654 -40
1615175551 -40
1615178905 -63
1615191825 -41
1615193866 -52
1615194542 -55
1615195253 -46
1615195635 -47
1615196701 -62
1615198538 -58
1615200451 -50
1615203645 -50
1615211984 -62
1615216162 -62
1615217009 199
1615255654 399
1615255720 177
1615255939 151
1615255963 179
1615270182 552
1615270204 403
1615272989 505
1615273009 515
1615273032 516
1615273058 516
1615277670 372
1615278166 372
1615279846 372
1615284046 372
1615291196 377
1615338947 377
1615339343 377
1615339975 379
1615343095 359
1615359275 367
1615359332 367
1615360155 368
1615366003 388
1615377465 390
1615377517 391
1615382698 282
1615383056 377
1615387778 384
1615423969 393
1615438729 429
1615501834 428
1615512330 428
1615517600 480
1615519640 521
1615520954 551
1615521078 553
1615530295 554
1615530968 554
1615531641 554
1615545111 -1305
1615551949 263
1615777276 255
1615786666 -1308
1615796087 -1303
1615796110 -1316
1615821697 -1428
1615821720 -1427
1615853272 -1493
1615864315 -1460
1615875695 -1460
1615949546 -1462
1615964614 -1452
1615964623 -1539
1616037215 -1539
1616046704 -1509
1616054091 -1431
1616055793 -1534
1616059933 -1531
1616060677 -1531
1616121252 -1380
1616130997 -1380
1616149855 -1360
1616149892 -1304
1616149937 -1286
1616149965 -824
1616219968 -780
1616320370 -780
1616320496 -5326
1616323316 -5234
1616377661 -774
1616378845 -3590
1616378931 -903
1616380012 -3643
1616380093 -5233
1616380899 -4773
1616394374 -5241
1616394491 -5251
1616402031 -5257
1616423855 -5240
1616453675 -5239
1616455023 -5235
1616470484 -5231
1616471630 -5221
1616472867 -5216
1616472943 -5446
1616481531 -5444
1616492419 -5437
1616501990 -5437
1616502036 -5387
1616502058 -5385
1616502110 -5385
1616503057 -5435
1616504989 -5345
1616509906 -5348
1616510422 -5348
1616512825 -5142
1616513807 -5206
1616554962 -5347
1616555450 -5348
1616591869 -5152
1616594979 -5166
1616599728 -5152
1616633475 -5152
1616633907 -5150
1616640395 -5166
1616644050 -5164
1616645163 -5164
1616646920 -5166
1616647968 -5448
1616678573 -5448
1616678596 -5450
1616678691 -5447
1616688086 -5296
1616689839 -5445
1616724332 -5441
1616728022 -5404
1616729336 -5438
1616730540 -5290
1616730659 -5300
1616731596 -5067
1616731878 -5300
1616734404 -5292
1616735496 -5290
1616735992 -5292
1616735994 -5048
1616743334 -5036
1616746918 -5033
1616750756 -5008
1616752488 -5008
1616755557 -5065
1616756415 -5009
1616762303 -5009
1616765329 -4728
1616807992 -4754
1616808155 -4754
1616808544 -4754
1616810509 -4754
1616829637 -4746
1616830810 -4745
1616980945 -4743
1616982205 -4743
1616984576 -4746
1616984944 -4744
1616990611 -4965
1616999043 -4965
1617000247 -4965
1617008291 -4786
1617008722 -4965
1617008744 -4962
1617013423 -4781
1617024924 -4776
1617058576 -4768
1617067377 -4716
1617080424 -4732
1617091771 -4711
1617095823 -4710
1617105471 -4709
1617173448 -4725
1617180861 -4721
1617195706 -4620
1617195719 -4620
1617195761 -4620
1617195782 -4620
1617195813 -4620
1617196138 -4620
1617196144 -4697
1617253106 -4718
1617268237 -5530
1617269502 -5529
1617269537 -5529
1617272724 -5527
1617331007 -5527
1617333180 -5483
1617333701 -6112
1617335533 -5521
1617336791 -6049
1617337417 -5527
1617358890 -5493
1617429041 -5493
1617499502 -6114
1617499572 -5880
1617672391 -6154
1617674757 -6154
1617677358 -6154
1617677779 -6153
1617678756 -6048
1617678951 -6030
1617679311 -6030
1617682593 -6030
1617682776 -6030
1617682945 -6014
1617697903 -6011
1617699055 -6012
1617700005 -5991
1617704490 -5991
1617708224 -5983
1617712086 -5983
1617721780 -5971
1617723436 -5960
1617757358 -5958
1617757905 -5970
1617765920 -5963
1617785607 -5963
1617786412 -5963
1617787072 -5953
1617798062 -5951
1617874524 -5939
1617878571 -5961
1617929513 -5938
1617930719 -5935
1617933374 -5932
1617933423 -5932
1617940991 -5928
1617966756 -5922
1618041923 -6008
1618042086 -6026
1618044363 -6027
1618049606 -5914
1618049744 -5912
1618241640 -6027
1618414214 -6218
1618449727 -6250
1618452799 -6250
1618452994 -6250
1618461998 -5928
1618475713 -5843
1618480510 -5894
1618484135 -5870
1618484249 -5831
1618538656 -5747
1618547907 -5715
1618556527 -5716
1618815191 -5694
1618818629 -5513
1618824184 -5510
1618837767 -5188
1618838949 -5186
1618889329 -5181
1618891127 -5031
1618891367 -5161
1618901156 -5249
1618902248 -5239
1618902434 -5220
1618903058 -5220
1618905299 -5214
1618908145 -5214
1618909748 -5214
1618909927 -5214
1618910998 -5214
1618912294 -5214
1618929893 -5202
1618931835 -5201
1618971282 -5194
1618978411 -5206
1618979109 -5194
1618979183 -5195
1618980140 -5157
1618988921 -5152
1618991554 -5154
1618992189 -5154
1618994334 -5145
1618996384 -5145
1618997343 -5142
1618997742 -5144
1618998420 -5146
1618999355 -5144
1619000266 -5133
1619005171 -5144
1619009686 -5133
1619011966 -5133
1619014486 -5133
1619059484 -5059
1619061797 -5078
1619062725 -5078
1619064000 -5077
1619066437 -5067
1619067499 -5060
1619072363 -5060
1619089350 -5053
1619093644 -5042
1619096098 -5040
1619098069 -5036
1619099954 -5022
1619102799 -5026
1619142559 -4996
1619145307 -4989
1619147089 -4986
1619147268 -4984
1619157409 -4984
1619159753 -4984
1619162143 -4763
1619163067 -4903
1619164189 -4850
1619164407 -4779
1619164613 -4778
1619168960 -4778
1619169004 -4766
1619276645 -4647
1619334029 -4741
1619337404 -4689
1619340516 -4523
1619340551 -4278
1619341132 -4689
1619348844 -4669
1619350303 -4272
1619354548 -4272
1619354565 -4272
1619419792 -4243
1619419802 -4134
1619421307 -4132
1619423887 -4135
1619448570 -4049
1619488478 -4027
1619494948 -4021
1619494981 -4019
1619496589 -3939
1619581860 -3938
1619594312 -3930
1619595204 -3922
1619596333 -3916
1619597362 -3915
1619599076 -3915
1619599147 -3908
1619607220 -3908
1619640556 -3888
1619688576 -3887
1619694010 -3865
1620291472 -3842
1620292683 -3843
1620353217 -3801
1620361019 -3942
1620361500 -3894
1620362682 -3895
1620366163 -3895
1620437700 -3895
1620443071 -3894
1620447566 -3889
1620451259 -3881
1620462840 -3889
1620613469 -3987
1620614623 -3993
1620615049 -3913
1620617535 -3871
1620618214 -3871
1620618282 -3871
1620621028 -3869
1620622164 -3869
1620705707 -3865
1620744647 -3865
1620749135 -3862
1620790516 -3830
1620802130 -3829
1620804380 -3863
1620808913 -3756
1620809826 -3756
1620902868 -3725
1620954918 -3709
1620954923 -3708
1620959573 -3711
1620964103 -3711
1620968712 -3688
1620973154 -3681
1620976581 -3678
1620977347 -3667
1620977470 -3681
1620978516 -3667
1620984179 -3546
1620985274 -3548
1620986823 -2872
1620988674 -3549
1621000980 -3356
1621001513 -3356
1621003233 -3354
1621046847 -3325
1621047270 -3336
1621047474 -3324
1621047896 -3325
1621048352 -3325
1621056645 -3007
1621057588 -3007
1621074616 -2872
1621076191 -3325
1621142595 -3005
1621154080 -3005
1621214844 -3005
1621249052 -2872
1621249216 -2838
1621255774 -2807
1621261988 -2773
1621417579 -2762
1621421726 -2762
1621477423 -2762
1621477866 -2752
1621479019 -2731
1621494249 -2728
1621494290 -2728
1621494418 -2728
1621504360 -2718
1621569101 -2773
1621571153 -2898
1621593124 -2843
1621605735 -2717
1621842066 -2718
1621848051 -2718
1621863396 -2710
1621915993 -2817
1621925896 -3107
1621932658 -3096
1621933311 -3089
1621934409 -3085
1621936029 -3085
1621936450 -3083
1621938911 -3080
1621948553 -3082
1621957748 -2984
1621958044 -2956
1621989801 -3083
1621990951 -2956
1621991311 -3083
1621993555 -3079
1621993849 -3065
1622012321 -3085
1622012371 -3002
1622014358 -2956
1622015347 -2956
1622017117 -2941
1622036460 -2845
1622036621 -2836
1622037716 -2837
1622038127 -2836
1622040651 -2836
1622077546 -2835
1622079623 -2835
1622099520 -2827
1622099971 -2805
1622101635 -2712
1622102726 -2705
1622102921 -2704
1622103074 -2702
1622103787 -2696
1622107156 -2696
1622108326 -2696
1622115249 -2672
1622165595 -2695
1622168477 -2646
1622170298 -2645
1622171055 -2645
1622173307 -2647
1622176472 -2651
1622178747 -2655
1622180220 -2656
1622181292 -2656
1622187257 -2650
1622189406 -2632
1622190286 -2631
1622192123 -2630
1622193271 -2630
1622199944 -2623
1622200045 -2623
1622249705 -2622
1622251884 -2598
1622253557 -2595
1622254228 -2593
1622264491 -2593
1622266865 -2419
1622273682 -2425
1622302739 -2419
1622426249 -2386
1622437650 -2384
1622440068 -2392
1622452168 -2370
1622454009 -2365
1622455309 -2392
1622468737 -2363
1622508673 -2363
1622512019 -2325
1622522188 -2325
1622590819 -2325
1622590832 -2325
1622593117 -2317
1622593214 -2320
1622594552 -2320
1622598574 -2302
1622598982 -2298
1622599133 -2304
1622682689 -2302
1622682918 -2302
1622684189 -2289
1622693467 -2267
1622693986 -2263
1622706570 -2227
1622717020 -2247
1622718196 -2243
1622739951 -2240
1622778025 -2243
1622798731 -2243
1622799129 -2230
1622866875 -2227
1622867387 -2216
1622871760 -2079
1622874922 -2074
1622876231 -2074
1622876807 -2074
1622891384 -2063
1622894291 -2070
1622894923 -2063
1622894975 -2063
1622895388 -2063
1622896290 -2063
1622896854 -2061
1622899447 -2064
1622909693 -2064
1622939802 -2064
1622945890 -2064
1622946255 -2064
1622946543 -2064
1622949986 -2064
1622956247 -2064
1622956862 -2064
1622957380 -2064
1622957748 -2064
1623023619 -2064
1623025276 -2064
1623029906 -2066
1623029925 -2059
1623032192 -2057
1623034588 -2045
1623036185 -2025
1623038680 -2025
1623056007 -2011
1623061648 -1996
1623063140 -1865
1623065809 -1994
1623069764 -1993
1623076613 -1817
1623080018 -1817
1623114996 -1817
1623115026 -1805
1623121834 -1804
1623133854 -1812
1623133865 -1806
1623139574 -1646
1623140502 -1600
1623142529 -1646
1623144865 -1623
1623145193 -1600
1623146027 -1600
1623146794 -1600
1623147645 -1594
1623147662 -1593
1623163496 -1582
1623194763 -1573
1623195057 -1578
1623203298 -1574
1623205700 -1569
1623215917 -1439
1623222631 -1440
1623224429 -1270
1623226394 -1421
1623228956 -1338
1623229527 -1303
1623229643 -1288
1623232870 -1284
1623233441 -1278
1623234728 -1272
1623247700 -1231
1623257351 -1097
1623285853 -1089
1623288128 -1077
1623288511 -1071
1623288927 -1072
1623294441 -1055
1623294598 -1055
1623320223 -1038
1623341706 -1033
1623377555 -1033
1623393848 -1028
1623393884 -1075
1623394841 -202
1623395706 -199
1623397034 -199
1623397823 -201
1623402765 -174
1623726535 -201
1623742515 -173
1623746981 -64
1623752096 -62
1623836228 -62
1623920565 -64
1623921560 -63
1623982739 -63
1623982755 -77
1623991194 -457
1624244215 -458
1624255482 -455
1624261598 -453
1624328375 -424
1624347901 -392
1624424309 -352
1624425832 -328
1624427007 -328
1624444974 -324
1624444995 -277
1624509216 -243
1624848394 -165
1624893611 -164
1624933147 -163
1624933314 -149
1624934927 -149
1624938193 -125
1624940542 -124
1624945754 57
1624950412 58
1624952374 65
1624955375 64
1624956553 63
1624961212 63
1624961812 66
1624961939 69
1625018779 68
1625026779 64
1625038713 93
1625110545 93
1625133852 94
1625208414 72
1625209499 66
1625209630 56
1625218153 56
1625218308 211
1625218594 218
1625241077 229
1625266704 220
1625266744 227
1625278027 236
1625467071 237
1625468981 294
1625473830 306
1625473841 308
1625476536 279
1625476630 306
1625476688 286
1625485931 412
1625498603 -963
1625540111 -953
1625542669 -953
1625545630 -949
1625546231 -941
1625554331 -942
1625559777 -940
1625561555 -939
1625561564 -940
1625562702 -940
1625563841 -938
1625565895 -887
1625578375 -887
1625620767 -2041
1625622233 -2038
1625632859 -2036
1625639634 -2381
1625644189 -2381
1625649592 -2380
1625650417 -2377
1625654717 -2399
1625654723 -2401
1625712729 -2393
1625810193 -2393
1625912192 -2354
1626061963 -2354
1626075220 -2353
1626088277 -2342
1626178966 -3572
1626179459 -3766
1626180296 -3766
1626181697 -3768
1626183854 -3781
1626220416 -2340
1626227311 -2150
1626228179 -2150
1626231067 -3781
1626246885 -3770
1626249415 -3762
1626279838 -3725
1626319557 -3761
1626320990 -3750
1626322633 -3742
1626328685 -3724
1626329798 -3725
1626335692 -3721
1626367484 -3712
1626404757 -3711
1626404950 -3709
1626406420 -3711
1626406471 -3536
1626406924 -3634
1626407261 -3627
1626407528 -3616
1626407982 -3615
1626409347 -3477
1626409432 -3605
1626412107 -3605
1626416352 -3605
1626416500 -3605
1626426000 -3477
1626426049 -3479
1626426107 -3477
1626660730 -3533
1626675645 -3557
1626676579 -3467
1626678914 -3548
1626686704 -3535
1626765400 -3512
1626767458 -3529
1626767920 -3529
1626842119 -3512
1626878915 -3480
1626920496 -3631
1626925016 -3750
1626948071 -3796
1626955476 -3796
1626957370 -3808
1626961506 -3808
1627004567 -3794
1627011991 -3737
1627024979 -3748
1627031319 -3806
1627295886 -3813
1627355893 -3813
1627385946 -3899
1627449747 -3866
1627451572 -3865
1627451611 -3885
1627452536 -3899
1627460167 -3904
1627526197 -3898
1627555654 -3622
1627556408 -3621
1627564838 -3609
1627569236 -3609
1627608207 -3576
1627613141 -3577
1627614002 -3459
1627640181 -3542
1627641208 -3542
1627687746 -3458
1627802578 -3483
1627866509 -3453
1627869923 -3440
1627870233 -3439
1627871097 -3439
1627872385 -3447
1627876971 -3462
1627878024 -3461
1627878945 -3453
1627902023 -3416
1627906507 -3413
1627955015 -3413
1627955367 -3413
1627955669 -3414
1627955676 -3414
1627955681 -3412
1627956893 -3383
1627961750 -3384
1627962122 -3385
1627963675 -3384
1627963773 -3384
1627966153 -3340
1627968916 -3346
1628038334 -3346
1628044122 -3346
1628047133 -3335
1628048580 -3334
1628048965 -3333
1628049668 -3333
1628055200 -3333
1628064785 -3353
1628065144 -3357
1628065681 11711
1628074335 -3351
1628074377 -3369
1628129822 -3369
1628136879 -3370
1628139349 -3368
1628153429 -3368
1628154501 -3368
1628161545 -3372
1628161713 -3371
1628169995 -3372
1628239357 -3372
1628245210 -3371
1628250393 -3373
1628250426 -3365
1628250437 -3365
1628475156 -3363
1628481541 -3362
1628481782 -3362
1628486685 -3362
1628501167 -3328
1628503605 -3329
1628511801 -3443
1628561791 -3438
1628564693 -3438
1628582822 -3440
1628584746 -3448
1628585127 -3445
1628585581 -3380
1628644889 -3777
1628652286 -3741
1628653117 -3741
1628653253 -3742
1628655248 -3742
1628667553 -3742
1628667724 -3943
1628668920 -3964
1628671049 -3742
1628671056 -3745
1628671066 -3744
1628671299 -3744
1628671487 -3944
1628671908 -3957
1628678238 -3972
1628730569 -2964
1628732823 -4595
1628732839 -4665
1628732858 -2983
1628733259 -2983
1628733521 -2972
1628734271 -2963
1628736111 -2957
1628739795 -2957
1628740092 -2944
1628744063 -2946
1628746302 -2946
1628751476 11706
1628758881 -2944
1628819356 11963
1628822279 11706
1628823633 11706
1628828402 11704
1628900783 11684
1628900994 11684
1628923473 11689
1628954401 11901
1628991363 11689
1629086040 11982
1629101838 11985
1629103095 11986
1629103257 11986
1629167806 11990
1629167932 11990
1629182878 11992
1629189628 42478
1629190598 42474
1629191451 42473
1629202755 42474
1629267014 42471
1629268827 42472
1629269444 42624
1629271101 43116
1629277995 42624
1629282373 43145
1629282623 43171
1629282662 43171
1629331751 43171
1629331761 42766
1629333225 42766
1629338771 42766
1629342036 42766
1629347001 42769
1629353213 42794
1629366302 43316
1629428180 43316
1629428224 43320
1629429987 43331
1629438543 43331
1629445304 43040
1629449821 43047
1629771649 43054
1629771905 43056
1629771927 43056
1629802634 43148
1629802808 43149
1629802835 43203
1629821462 40208
1629822914 43215
1629873281 43316
1629879305 43343
1629879393 43325
1629905836 40211
1629907764 40211
1629907813 40216
1629948021 40222
1629954536 40222
1629974445 40227
1629977638 40228
1630041801 40240
1630056389 40242
1630061551 40275
1630061560 40317
1630061910 42254
1630286351 40318
1630298822 40318
1630378067 40352
1630476658 40201
1630494173 42254
1630507067 42319
1630507509 42351
1630508097 42352
1630557395 42391
1630565462 42391
1630573688 42723
1630579869 42755
1630580801 42759
1630581157 42852
1630644020 43923
1630651792 43971
1630652016 43974
1630678842 43897
1630739940 42726
1630895894 43898
1630917643 43988
1630924392 43988
1630924929 43974
1630980544 43974
1630984417 43986
1631066964 44065
1631075135 45507
1631088073 45516
1631089183 45518
1631089321 45518
1631091258 45603
1631146975 45552
1631147144 45554
1631161748 45584
1631179070 46114
1631182513 46144
1631235803 46167
1631240783 46482
1631242095 46484
1631243054 46534
1631244310 46580
1631244770 46575
1631246865 46701
1631261668 46549
1631267485 46549
1631268591 46549
1631501815 46553
1631526997 46553
1631590208 46551
1631612535 47763
1631612915 46546
1631628974 47757
1631630222 47760
1631692681 47822
1631695314 47844
1631696406 47869
1631696912 47831
1631698010 47815
1631699195 47734
1631703055 48073
1631704233 48073
1631706240 48070
1631724563 48077
1631724614 48088
1631756081 48088
1631756623 48088
1631765991 47991
1631789472 47925
1631844248 47932
1631860374 47918
1631869213 48234
1631872305 48397
1631874591 48397
1631894904 48413
1631928045 48427
1631931335 48413
1631959219 48426
1631961373 48578
1632014824 48578
1632025013 48579
1632280811 48611
1632282318 48611
1632286724 48607
1632294408 49309
1632361869 49317
1632362199 49338
1632365787 49338
1632365814 49359
1632366029 49371
1632369005 49459
1632379277 49479
1632387849 49835
1632449019 49835
1632449027 49836
1632457410 49942
1632474184 50151
1632474959 50208
1632481098 50470
1632638193 50470
1632638808 50470
1632639770 50475
1632640671 50474
1632641987 50479
1632642063 50488
1632644242 50490
1632644283 50490
1632644320 50514
1632644644 50579
1632644741 50582
1632646354 50582
1632650549 50605
1632651216 50763
1632709221 50772
1632726147 51190
1632728542 51228
1632733935 51231
1632733974 51235
1632741991 51559
1632749939 51624
1632753595 52428
1632758372 51631
1632797075 51631
1632798366 52376
1632801542 52419
1632801696 52434
1632801774 52465
1632805666 52465
1632805742 52489
1632805796 52518
1632806144 52530
1632812783 52520
1632817172 52584
1632817285 52584
1632818696 52625
1632826043 52626
1632892847 52626
1632892877 52628
1632893411 52628
1632893929 52645
1632893959 52646
1632894237 52655
1632908067 52653
1632965547 52676
1632965649 52662
1632967021 52692
1632969039 52699
1632970066 52713
1632970592 52713
1632970831 52713
1632972265 52732
1632983660 52735
1632984555 52743
1632986540 52795
1632988303 52787
1632988334 52791
1632988922 52791
1633056704 52841
1633059457 52842
1633078134 52835
1633659194 52863
1633744654 52883
1633744702 52884
1633744752 52886
1633745115 52897
1633874229 52872
1633874421 52871
1633874491 52870
1633920523 52870
1633920900 52870
1633921033 52900
1633921103 52890
1633925807 52890
1633936841 52894
1633937069 52893
1633944628 52897
1633947267 52869
1633947750 52871
1634012589 52988
1634018799 52988
1634019260 53766
1634027327 53028
1634029603 53111
1634031881 53115
1634031897 53140
1634038047 53197
1634089748 53198
1634092447 53355
1634093370 53355
1634542109 53358
1634546517 53451
1634559707 53453
1634562631 53463
1634573414 53498
1634616785 53502
1634616813 53504
1634619180 53520
1634641096 53524
1634647290 53524
1634698738 53528
1634715851 53528
1634718721 53554
1634719348 53554
1634720780 53554
1634721321 53554
1634723077 53554
1634727229 53556
1634730514 53673
1634731059 53673
1634783888 53761
1634786011 53783
1634786824 53785
1634789133 53784
1634789895 53884
1634814188 54848
1634816703 53865
1634868349 53865
1634891447 53031
1634903596 53033
1634903655 53033
1634904973 53060
1634906785 53056
1634907782 53056
1635130940 53058
1635148123 53058
1635150034 53058
1635230327 54851
1635230373 54851
1635230453 54867
1635232547 54864
1635232844 54864
1635235105 54045
1635239948 54202
1635245197 53945
1635245789 53946
1635246473 53948
1635246720 53948
1635303599 53984
1635306660 53991
1635307652 53992
1635320163 54168
1635324679 54181
1635324693 54181
1635327791 54181
1635327826 54181
1635327905 54181
1635330596 54178
1635332112 54175
1635332150 54316
1635334796 54179
1635337980 54217
1635344807 54175
1635405197 54316
1635406282 54328
1635408430 54339
1635410989 54339
1635411463 54345
1635412720 54346
1635419818 54341
1635419859 54343
1635420033 54351
1635422899 54350
1635431166 54366
1635474448 54377
1635476891 54377
1635483052 54378
1635484203 54383
1635484637 54391
1635492439 54385
1635493913 54476
1635495622 54480
1635497987 54469
1635502343 54424
1635505126 54518
1635524879 54521
1635557326 54522
1635573705 54525
1635573850 54528
1635733386 54530
1635735739 54530
1635736011 54530
1635736853 54527
1635740237 54526
1635753669 54528
1635753816 54639
1635754224 54716
1635758589 54718
1635760672 54716
1635760895 54718
1635761498 54727
1635761594 54726
1635766393 54726
1635767299 54727
1635774924 54727
1635775992 54727
1635818852 54727
1635820818 54729
1635822317 54745
1635823302 54731
1635824260 54741
1635848255 54785
1635851018 55493
1635851693 55494
1635853264 55500
1635906281 55487
1635908917 55512
1635908937 55514
1635909264 55487
1635918976 55498
1635922016 55514
1635938675 55563
1635941977 55576
1635942058 55576
1635942107 55581
1635942138 55582
1635942328 55559
1635942365 56088
1635946899 56088
1635991480 56098
1635997849 56099
1635998549 56106
1635998565 56130
1635998605 56128
1635999252 56131
1635999272 56205
1636023353 56602
1636039082 56914
1636078475 56606
1636080681 56606
1636080796 56614
1636093719 56995
1636094064 56914
1636098154 57040
1636099076 57182
1636100953 57186
1636100996 57182
1636102454 57111
1636103212 57119
1636105424 57152
1636107087 56965
1636107791 57152
1636356131 56965
1636356350 56967
1636356783 56967
1636357306 56967
1636360823 56967
1636362736 56976
1636364471 57008
1636368578 57045
1636370661 57045
1636372420 57045
1636426589 57222
1636427372 57116
1636435676 57185
1636435938 57258
1636460240 57457
1636507073 57459
1636512085 57456
1636516943 57582
1636521273 57602
1636544094 58703
1636601640 57644
1636683783 57688
1636683893 57697
1636684022 57685
1636699603 57706
1636699971 57734
1636718866 58702
1636730274 58857
1636735101 58848
1636735294 58852
1636946284 58914
1636946863 58915
1636947162 58917
1636947504 58920
1636947634 58923
1636949748 58928
1636960304 58928
1636960470 58930
1636969918 59043
1636973723 59149
1637031152 59141
1637035852 59178
1637037070 59178
1637039046 59187
1637048184 59185
1637050098 57532
1637050646 57532
1637055088 57629
1637055124 57633
1637056445 57634
1637056955 57639
1637058923 57639
1637059426 57640
1637063150 57639
1637068878 57670
1637131680 57667
1637131786 57669
1637133635 57665
1637133819 57666
1637135137 57638
1637141579 58019
1637200697 57670
1637208234 58015
1637213965 58044
1637216540 58046
1637217679 58046
1637218756 58096
1637219375 58099
1637222081 58119
1637223547 58179
1637232398 58343
1637233655 58353
1637281721 58354
1637287668 58354
1637288544 58473
1637288558 58659
1637289958 58615
1637291895 58615
1637318266 58732
1637326566 58735
1637336385 58729
1637371159 58731
1637371277 58736
1637374738 58736
1637382987 58778
1637384534 58771
1637386123 58788
1637388825 58788
1637388943 58788
1637552319 58776
1637552610 58790
1637555671 58776
1637568640 58776
1637572461 58790
1637574152 58790
1637576894 58813
1637583608 58817
1637589514 58842
1637634005 58831
1637663473 58778
1637664656 58780
1637674979 58878
1637675036 58890
1637675154 58973
1637675229 58959
1637718656 58985
1637724837 59013
1637725068 59018
1637728689 59125
1637730322 59019
1637732013 59015
1637732387 58942
1637734952 59124
1637735848 59141
1637736883 59102
1637736968 59102
1637738707 59105
1637738774 59109
1637742436 59113
1637742669 59116
1637745836 59131
1637747168 59094
1637747446 59260
1637748360 59131
1637751127 59092
1637757257 59261
1637762408 59256
1637765810 59808
1637814903 59814
1637818434 59817
1637819204 60099
1637820860 60090
1637823572 60070
1637826959 60072
1637828489 60123
1637829584 60132
1637830531 60135
1637830966 60141
1637836091 60145
1637837077 60105
1637846857 60103
1637848342 60106
1637852926 60304
1637854084 60303
1637889993 60108
1637890116 60107
1637890228 60105
1637893394 60302
1637897456 60145
1637900291 60309
1637902114 60313
1637903863 60323
1637908650 60326
1637908885 60324
1637912870 60342
1637914740 60347
1637916223 60350
1637916260 60368
1637918482 60383
1637919097 60361
1637920150 60383
1637922073 60369
1637924751 60344
1638022568 60348
1638156260 60361
1638158274 60387
1638171619 60393
1638180733 60402
1638236531 60613
1638236983 60617
1638239652 60618
1638243370 60617
1638260087 60620
1638260288 60621
1638268559 60870
1638278342 60796
1638279789 60796
1638330662 60797
1638332809 60887
1638341482 60891
1638341550 60890
1638342055 60890
1638342294 60889
1638342568 60902
1638345356 60898
1638345758 60898
1638346713 60938
1638349236 60938
1638353034 60938
1638353052 60977
1638359490 61043
1638365838 60938
1638406474 60977
1638410594 60980
1638414784 61044
1638416164 61050
1638417433 61038
1638418740 61038
1638419596 61044
1638420188 61061
1638420429 61064
1638420552 61068
1638424828 61068
1638429505 61078
1638429696 61078
1638433817 61119
1638434777 61137
1638435525 61117
1638438714 61137
1638439112 61116
1638460781 61138
1638495542 61141
1638495876 61153
1638496068 61158
1638496184 61162
1638496472 61156
1638496697 61155
1638497353 61156
1638498129 61157
1638500173 61155
1638514622 61485
1638521536 61156
1638523165 61156
1638526273 61156
1638529393 61157
1638535131 61119
1638536935 61160
1638538864 61160
1638540762 61162
1638547512 61162
1638630187 61164
1638758019 61450
1638758051 61458
1638758646 61458
1638759621 61472
1638760005 61470
1638761159 61470
1638761917 61469
1638761993 61474
1638762780 61474
1638763242 63306
1638763533 61477
1638763630 61479
1638770214 61478
1638772742 61478
1638778594 61559
1638778795 61484
1638780913 61484
1638782589 61559
1638784028 61562
1638784864 61569
1638785387 61570
1638786470 61571
1638790425 61576
1638842283 61578
1638842754 61580
1638842956 61581
1638844637 61581
1638846825 61581
1638847411 63499
1638848004 61588
1638849715 61585
1638850691 61589
1638859657 63329
1638860913 63495
1638872869 63507
1638875586 63507
1638876513 63515
1638878570 63543
1638878852 63575
1638879729 63575
1638880270 63581
1638882247 63581
1638882522 63579
1638883245 63585
1638884334 63583
1638925172 63583
1638926114 63517
1638927128 63518
1638928061 63519
1638929409 63520
1638929432 63523
1638930669 63524
1638931255 63524
1638932339 63526
1638938029 63531
1638940392 63557
1638952975 63789
1638957825 63791
1638976613 63831
1638977640 63831
1639014421 63935
1639018079 64054
1639018951 64055
1639019386 64065
1639020467 64065
1639023996 64065
1639024162 64066
1639025152 64067
1639025384 64067
1639027309 63979
1639030283 64155
1639037292 63960
1639037906 63909
1639038643 63905
1639093414 63901
1639100419 63979
1639101188 63984
1639101274 63982
1639108368 64016
1639108402 64016
1639108438 64016
1639109367 64016
1639121641 64016
1639125564 64127
1639127150 64127
1639127350 64125
1639127668 64125
1639127897 64123
1639129366 64120
1639134350 64120
1639135262 64120
1639136097 50354
1639136227 50357
1639136259 50367
1639140209 50605
1639141283 64121
1639141356 64123
1639141423 64123
1639143274 64126
1639362093 64131
1639363097 64130
1639380989 50607
1639398137 50599
1639446677 50586
1639446699 50606
1639446720 50617
1639446765 50623
1639447534 50628
1639450369 50619
1639450881 50619
1639450891 50659
1639451388 64232
1639451465 64337
1639451480 64431
1639451495 64498
1639452922 64497
1639458205 64499
1639467455 50660
1639468598 64499
1639472130 64623
1639472563 64624
1639473229 64634
1639476681 64687
1639477708 64609
1639478425 64687
1639480397 50663
1639495016 50675
1639531327 50637
1639531348 64682
1639531381 64692
1639531441 64669
1639532454 64964
1639532486 65031
1639532929 65031
1639534848 64696
1639536860 65057
1639537165 65063
1639538684 65070
1639541324 65018
1639543005 65092
1639545481 64879
1639545556 65208
1639552672 64894
1639555780 64898
1639560854 64930
1639562830 65037
1639564399 65037
1639568158 65074
1639620292 65074
1639620335 65075
1639620509 65075
1639622677 65091
1639626559 65091
1639636159 65091
1639649488 65684
1639656736 65112
1639709644 65095
1639711414 65098
1639711436 65099
1639714705 65122
1639719389 65223
1639719420 65213
1639719446 65290
1639720985 65113
1639725317 65290
1639725796 65290
1639727022 65291
1639729654 65292
1639730142 65297
1639740264 65318
1639741007 65319
1639742755 65320
1639743093 65326
1639970803 65390
1639994432 65682
1639996509 65699
1639997126 65702
1639999734 65716
1640053151 65716
1640061054 65730
1640062472 65737
1640073821 65762
1640074859 65723
1640087834 64341
1640094206 65725
1640097079 64341
1640098112 64314
1640099262 64314
1640141807 64316
1640141834 64318
1640165879 64319
1640165892 64238
1640169492 64238
1640170823 64241
1640171803 64240
1640179687 64314
1640226703 64323
1640235732 64323
1640235822 64323
1640257123 64299
1640259373 64291
1640271501 64345
1640313351 64293
1640313381 64313
1640314617 64314
1640318471 64345
1640322091 64354
1640323554 64358
1640327028 64365
1640327156 64365
1640328150 64382
1640328980 64404
1640329006 64405
1640329040 64473
1640331308 64474
1640331323 64475
1640332265 64549
1640332307 64558
1640332806 64558
1640335418 64558
1640335425 64567
1640336500 64572
1640337939 64596
1640339199 64596
1640340295 64596
1640346584 64860
1640347164 64857
1640347186 64857
1640347240 64865
1640571031 65097
1640571127 64855
1640589799 64855
1640608741 65098
1640659308 65098
1640660850 65437
1640661301 65439
1640664954 66109
1640665028 66122
1640665148 66318
1640666303 65442
1640667102 66319
1640667910 66319
1640668418 65455
1640670643 66323
1640670712 66367
1640670734 66491
1640671474 66730
1640672299 65761
1640673531 66751
1640677960 66745
1640678110 66641
1640684370 65455
1640687748 65685
1640687806 66637
1640690481 65708
1640691064 65711
1640691908 66635
1640694449 66635
1640694603 70464
1640703764 70892
1640706111 70681
1640706502 70679
1640706548 70680
1640706633 70786
1640740645 70676
1640744041 70786
1640747374 70892
1640749781 70925
1640751582 70926
1640751595 70933
1640763059 70955
1640764774 71148
1640765902 71163
1640771380 71163
1640771769 71163
1640772908 71169
1640774324 71289
1640775764 71296
1640784812 71300
1640830323 71318
1640830392 71383
1640833783 71383
1640836027 71383
1640841802 71404
1640842209 71583
1640848036 71404
1640849043 71405
1640849749 71401
1640850421 71626
1640851562 71401
1640852647 71398
1640855502 71434
1640856063 71562
1640856281 71475
1640857982 71654
1640858183 71626
1640859487 72129
1640862263 71645
1640864310 72130
1640916386 72132
1640916660 72134
1640916703 72136
1640917711 72169
1640919559 72179
1640921190 72179
1640921211 72179
1640924151 72190
1640925015 72190
1640925590 72190
1640926619 72190
1640932611 72190
1640934290 72205
1640941367 72205
1640941387 72205
1640944897 72204
1640945198 72205
1640945336 72205
1640945413 72204
1640945447 72222
1640945509 72216
1640945697 72225
1640945744 72232
1640946187 72229
1640946898 72231
1640948377 72231
1640949287 72232
1640956152 72911
1641029160 72435
1641095068 72232
1641263526 72435
1641263953 72449
1641265651 72466
1641266641 72534
1641268320 72535
1641270101 72538
1641271030 72911
1641279822 72913
1641283479 72933
1641284620 72934
1641287224 72952
1641290029 72954
1641296887 72954
1641348938 73002
1641351599 72441
1641353353 73000
1641353430 73011
1641357248 72497
1641373354 72499
1641373405 72524
1641373465 72538
1641384006 72691
1641384659 72849
1641384803 73790
1641387219 72691
1641388489 72770
1641442675 73830
1641444036 73856
1641444604 73841
1641445928 73841
1641448029 73841
1641463373 73857
1641463500 73861
1641463567 73862
1641463600 73863
1641463651 73864
1641463682 73865
1641463720 73869
1641463842 73893
1641464726 73923
1641475556 73923
1641475590 73942
1641475614 73942
1641475640 73952
1641475688 73966
1641485145 73966
1641485292 73989
1641485349 73992
1641485390 73996
1641486288 74008
1641522783 74622
1641523365 74876
1641526986 74623
1641528016 74623
1641528423 74626
1641530161 74616
1641534903 74614
1641536802 74614
1641540295 74699
1641542774 74700
1641543958 74701
1641544864 74777
1641545149 74766
1641545196 74769
1641550993 74876
1641555129 75526
1641557135 75011
1641562761 75014
1641562793 75018
1641562823 75099
1641566044 75132
1641567990 74876
1641783223 75135
1641786331 75142
1641792822 75157
1641798545 75189
1641799328 75212
1641800500 75212
1641800792 75221
1641802459 75228
1641806619 75526
1641806668 75519
1641808113 75529
1641808142 75534
1641810242 75537
1641886489 75538
1641891154 75537
1641891558 75537
1641892376 75565
1641893101 75551
1641901215 75552
1641917073 75564
1641950250 75928
1641953664 75571
1641957081 75571
1641963043 75933
1641974482 75971
1641974767 75972
1641981194 75977
1641981228 76036
1641981274 76036
1641981317 76036
1641981367 76036
1641981440 76039
1641981902 76039
1642043383 76025
1642047696 76039
1642047813 76039
1642052574 76039
1642052608 76039
1642053338 76040
1642060599 76057
1642067427 76057
1642071447 76094
1642071477 75911
1642071562 75938
1642071608 75943
1642071633 75976
1642071764 76185
1642071792 75974
1642072467 75989
1642073450 75989
1642074917 75989
1642133046 76125
1642133642 75989
1642133718 75990
1642137628 76142
1642138962 76137
1642139743 76141
1642141010 76167
1642142722 76185
1642142839 76185
1642143016 76188
1642144246 76188
1642145207 76125
1642148193 76125
1642148483 76215
1642149194 76223
1642149211 76225
1642150061 76201
1642150221 76204
1642157917 75850
1642216841 76188
1642223373 76181
1642385191 76191
1642470133 75849
1642477534 76563
1642477548 75850
1642478074 75945
1642482913 76200
1642488909 76208
1642489512 75945
1642490046 76239
1642493305 76350
1642493509 76350
1642493944 76350
1642494193 76368
1642559590 76586
1642562489 76426
1642566316 76747
1642566370 76797
1642566556 76759
1642568242 76829
1642569505 76842
1642570267 76843
1642570389 76843
1642571086 76845
1642572239 76845
1642573734 76849
1642575967 76851
1642577241 76852
1642579668 76857
1642579679 76858
1642582266 76842
1642584667 76969
1642590032 76928
1642647219 76943
1642650445 77137
1642650666 76946
