1609729992 32 0 0 0 0 0 0 0 0 0 0
1609836006 32 0 0 0 0 0 0 0 0 0 0
1609843094 48 0 0 0 0 0 0 0 0 0 0
1609850462 89 0 0 0 0 0 0 0 0 0 0
1609850482 90 0 0 0 0 0 0 0 0 0 0
1609850619 97 0 0 0 0 0 0 0 0 0 0
1609850633 105 0 0 0 0 0 0 0 0 0 0
1609850651 114 0 0 0 0 0 0 0 0 0 0
1609850788 439 0 0 0 0 0 0 0 0 0 0
1609850856 440 0 0 0 0 0 0 0 0 0 0
1609899680 456 0 0 0 0 0 0 0 0 0 0
1609899690 457 0 0 0 0 0 0 0 0 0 0
1609899709 458 0 0 0 0 0 0 0 0 0 0
1609899723 459 0 0 0 0 0 0 0 0 0 0
1609902748 470 0 0 0 0 0 0 0 0 0 0
1609902828 502 0 0 0 0 0 0 0 0 0 0
1609902843 504 0 0 0 0 0 0 0 0 0 0
1609917306 505 87 0 0 0 0 0 0 0 0 0
1609987756 505 97 0 0 0 0 0 0 0 0 0
1609987786 505 110 0 0 0 0 0 0 0 0 0
1609989710 505 121 0 0 0 0 0 0 0 0 0
1610008839 506 121 0 0 0 0 0 0 0 0 0
1610075579 522 121 0 0 0 0 0 0 0 0 0
1610076345 523 121 0 0 0 0 0 0 0 0 0
1610090167 523 123 0 0 0 0 0 0 0 0 0
1610090429 523 125 0 0 0 0 0 0 0 0 0
1610091170 523 127 0 0 0 0 0 0 0 0 0
1610095461 523 128 0 0 0 0 0 0 0 0 0
1610330098 523 132 0 0 0 0 0 0 0 0 0
1610361234 525 132 0 0 0 0 0 0 0 0 0
1610425533 525 145 0 0 0 0 0 0 0 0 0
1610427235 567 145 0 0 0 0 0 0 0 0 0
1610500791 593 145 0 0 0 0 0 0 0 0 0
1610509076 593 146 0 0 0 0 0 0 0 0 0
1610509141 593 146 0 0 0 0 0 0 0 0 0
1610509544 593 147 0 0 0 0 0 0 0 0 0
1610531375 593 147 0 0 0 0 0 0 0 0 0
1610537570 661 147 0 0 0 0 0 0 0 0 0
1610537585 717 147 0 0 0 0 0 0 0 0 0
1610594711 718 147 0 0 0 0 0 0 0 0 0
1610609505 724 147 0 0 0 0 0 0 0 0 0
1610611521 725 147 0 0 0 0 0 0 0 0 0
1610615250 726 147 0 0 0 0 0 0 0 0 0
1610615290 731 147 0 0 0 0 0 0 0 0 0
1610623881 740 147 0 0 0 0 0 0 0 0 0
1611052876 742 147 0 0 0 0 0 0 0 0 0
1611052894 744 147 0 0 0 0 0 0 0 0 0
1611052915 890 147 0 0 0 0 0 0 0 0 0
1611122237 890 147 0 0 6 0 0 0 0 0 0
1611131301 891 147 0 0 6 0 0 0 0 0 0
1611189881 901 147 0 0 6 0 0 0 0 0 0
1611211683 907 147 0 0 6 0 0 0 0 0 0
1611211998 907 151 0 0 6 0 0 0 0 0 0
1611232916 907 154 0 0 6 0 0 0 0 0 0
1611304517 917 154 0 0 6 0 0 0 0 0 0
1611304543 919 154 0 0 6 0 0 0 0 0 0
1611304570 925 154 0 0 6 0 0 0 0 0 0
1611541177 934 154 0 0 6 0 0 0 0 0 0
1611571931 935 154 0 0 6 0 0 0 0 0 0
1611571951 936 154 0 0 6 0 0 0 0 0 0
1611654743 936 179 0 0 6 0 0 0 0 0 0
1611654798 936 187 0 0 6 0 0 0 0 0 0
1611654811 936 295 0 0 6 0 0 0 0 0 0
1611657938 943 295 0 0 6 0 0 0 0 0 0
1611680656 943 295 47 0 6 0 0 0 0 0 0
1611680778 943 295 102 0 6 0 0 0 0 0 0
1611680801 943 295 110 0 6 0 0 0 0 0 0
1611680852 943 295 169 0 6 0 0 0 0 0 0
1611680861 943 295 174 0 6 0 0 0 0 0 0
1611729937 944 295 175 0 6 0 0 0 0 0 0
1611797941 944 309 175 0 6 0 0 0 0 0 0
1611799395 944 325 175 0 6 0 0 0 0 0 0
1611799407 944 381 175 0 6 0 0 0 0 0 0
1611800555 948 381 175 0 6 0 0 0 0 0 0
1611811061 954 381 175 0 6 0 0 0 0 0 0
1611829035 954 381 185 0 6 0 0 0 0 0 0
1611829079 954 381 189 0 6 0 0 0 0 0 0
1611844956 954 381 189 0 6 0 0 0 0 0 0
1611911184 956 381 189 0 6 0 0 0 0 0 0
1611911196 958 381 189 0 6 0 0 0 0 0 0
1612341098 1007 381 189 0 6 0 0 0 0 0 0
1612349617 1007 411 189 0 6 0 0 0 0 0 0
1612410440 1072 411 189 0 6 0 0 0 0 0 0
1612442934 1072 411 258 0 6 0 0 0 0 0 0
1612442975 1072 411 329 0 6 0 0 0 0 0 0
1612442986 1072 411 341 0 6 0 0 0 0 0 0
1612444130 1072 411 341 0 6 0 0 0 0 0 0
1612449847 1086 411 341 0 6 0 0 0 0 0 0
1612501395 1087 411 341 0 6 0 0 0 0 0 0
1612586992 1087 415 341 0 6 0 0 0 0 0 0
1612753679 1089 415 341 0 6 0 0 0 0 0 0
1612782342 1090 415 341 0 6 0 0 0 0 0 0
1612782994 1090 415 341 0 6 0 0 0 0 0 0
1613820632 1340 415 341 0 6 0 0 0 0 0 0
1613820710 1453 415 341 0 6 0 0 0 0 0 0
1613820718 1454 415 341 0 6 0 0 0 0 0 0
1613820901 1455 415 341 0 6 0 0 0 0 0 0
1613975643 1459 415 341 0 6 0 0 0 0 0 0
1613996328 1460 415 341 0 6 0 0 0 0 0 0
1614135802 1598 415 341 0 6 0 0 0 0 0 0
1614135833 1614 415 341 0 6 0 0 0 0 0 0
1614135868 1891 415 341 0 6 0 0 0 0 0 0
1614135883 2156 415 341 0 6 0 0 0 0 0 0
1614135904 2296 415 341 0 6 0 0 0 0 0 0
1614214303 2327 415 341 0 6 0 0 0 0 0 0
1614214344 2333 415 341 0 6 0 0 0 0 0 0
1614231835 2338 415 341 0 6 0 0 0 0 0 0
1614231849 2339 415 341 0 6 0 0 0 0 0 0
1614242845 2343 415 341 0 6 0 0 0 0 0 0
1614242898 2349 415 341 0 6 0 0 0 0 0 0
1614242931 2406 415 341 0 6 0 0 0 0 0 0
1614242952 2480 415 341 0 6 0 0 0 0 0 0
1614243007 2498 415 341 0 6 0 0 0 0 0 0
1614243090 2499 415 341 0 6 0 0 0 0 0 0
1614268864 2499 416 341 0 6 0 0 0 0 0 0
1614268879 2499 437 341 0 6 0 0 0 0 0 0
1614268889 2499 606 341 0 6 0 0 0 0 0 0
1614335297 2499 607 341 0 6 0 0 0 0 0 0
1614651095 2501 607 341 0 6 0 0 0 0 0 0
1614651188 2527 607 341 0 6 0 0 0 0 0 0
1614651285 2570 607 341 0 6 0 0 0 0 0 0
1614651313 2650 607 341 0 6 0 0 0 0 0 0
1614651367 2678 607 341 0 6 0 0 0 0 0 0
1614651433 2750 607 341 0 6 0 0 0 0 0 0
1614651521 2821 607 341 0 6 0 0 0 0 0 0
1614651532 2827 607 341 0 6 0 0 0 0 0 0
1614651568 2871 607 341 0 6 0 0 0 0 0 0
1614651579 2872 607 341 0 6 0 0 0 0 0 0
1614651588 2878 607 341 0 6 0 0 0 0 0 0
1614651595 2887 607 341 0 6 0 0 0 0 0 0
1614652188 2887 607 341 0 6 0 0 0 0 0 0
1614756159 2889 607 341 0 6 0 0 0 0 0 0
1614768897 2889 611 341 0 6 0 0 0 0 0 0
1614768927 2889 649 341 0 6 0 0 0 0 0 0
1614769220 2889 651 341 0 6 0 0 0 0 0 0
1614773843 2889 668 341 0 6 0 0 0 0 0 0
1614840570 2896 668 341 0 6 0 0 0 0 0 0
1614840586 2904 668 341 0 6 0 0 0 0 0 0
1614840606 2912 668 341 0 6 0 0 0 0 0 0
1614840640 2913 668 341 0 6 0 0 0 0 0 0
1614840683 2957 668 341 0 6 0 0 0 0 0 0
1614840699 3132 668 341 0 6 0 0 0 0 0 0
1614840711 3133 668 341 0 6 0 0 0 0 0 0
1614840726 3155 668 341 0 6 0 0 0 0 0 0
1614849837 3155 673 341 0 6 0 0 0 0 0 0
1614860928 3155 674 341 0 6 0 0 0 0 0 0
1614907273 3155 677 341 0 6 0 0 0 0 0 0
1614910103 3201 677 341 0 6 0 0 0 0 0 0
1614926875 3201 677 442 0 6 0 0 0 0 0 0
1615180566 3201 689 442 0 6 0 0 0 0 0 0
1615180627 3201 693 442 0 6 0 0 0 0 0 0
1615195549 3201 694 442 0 6 0 0 0 0 0 0
1615196444 3201 694 442 0 6 0 0 0 0 0 0
1615197789 3205 694 442 0 6 0 0 0 0 0 0
1615256836 3205 699 442 0 6 0 0 0 0 0 0
1615256878 3205 700 442 0 6 0 0 0 0 0 0
1615258902 3206 700 442 0 6 0 0 0 0 0 0
1615275129 3352 700 442 0 6 0 0 0 0 0 0
1615287157 3353 700 442 0 6 0 0 0 0 0 0
1615288268 3358 700 442 0 6 0 0 0 0 0 0
1615354870 3359 700 442 0 6 0 0 0 0 0 0
1615363428 3360 700 442 0 6 0 0 0 0 0 0
1615369139 3360 700 442 0 7 0 0 0 0 0 0
1615432598 3367 700 442 0 7 0 0 0 0 0 0
1615432640 3369 700 442 0 7 0 0 0 0 0 0
1615432677 3561 700 442 0 7 0 0 0 0 0 0
1615447721 3577 700 442 0 7 0 0 0 0 0 0
1615456107 3604 700 442 0 7 0 0 0 0 0 0
1615456119 3611 700 442 0 7 0 0 0 0 0 0
1615466462 3611 700 442 0 7 0 0 0 0 0 0
1615466566 3620 700 442 0 7 0 0 0 0 0 0
1615466590 3652 700 442 0 7 0 0 0 0 0 0
1615466614 3652 700 442 0 7 0 0 0 0 0 0
1615472715 3652 701 442 0 7 0 0 0 0 0 0
1615529382 3682 703 442 0 7 0 0 0 0 0 0
1615556616 3682 704 442 0 7 0 0 0 0 0 0
1615556645 3682 714 442 0 7 0 0 0 0 0 0
1615793814 3683 714 442 0 7 0 0 0 0 0 0
1615793853 3684 714 442 0 7 0 0 0 0 0 0
1615798849 3684 714 442 0 7 0 0 0 0 0 0
1615877778 3688 714 442 0 7 0 0 0 0 0 0
1615879795 3688 714 442 0 7 0 0 0 0 0 0
1615890996 3689 714 442 0 7 0 0 0 0 0 0
1616030803 3693 714 442 0 7 0 0 0 0 0 0
1616030818 3696 714 442 0 7 0 0 0 0 0 0
1616030855 3706 714 442 0 7 0 0 0 0 0 0
1616030883 3713 714 442 0 7 0 0 0 0 0 0
1616030990 3721 714 442 0 7 0 0 0 0 0 0
1616031096 3729 714 442 0 7 0 0 0 0 0 0
1616031151 3777 714 442 0 7 0 0 0 0 0 0
1616035913 3780 714 442 0 7 0 0 0 0 0 0
1616035937 3781 714 442 0 7 0 0 0 0 0 0
1616140714 3793 714 442 0 7 0 0 0 0 0 0
1616157856 3793 714 442 0 7 0 0 0 0 0 0
1616157928 3793 715 442 0 7 0 0 0 0 0 0
1616382150 3793 718 442 0 7 0 0 0 0 0 0
1616399512 3808 718 442 0 7 0 0 0 0 0 0
1616399525 3816 718 442 0 7 0 0 0 0 0 0
1616399574 3826 718 442 0 7 0 0 0 0 0 0
1616399596 3840 718 442 0 7 0 0 0 0 0 0
1616399622 3900 718 442 0 7 0 0 0 0 0 0
1616399637 3969 718 442 0 7 0 0 0 0 0 0
1616462552 3969 718 442 0 7 0 0 0 0 0 0
1616638885 4299 718 442 0 7 0 0 0 0 0 0
1616728939 4310 719 442 0 7 0 0 0 0 0 0
1616735403 4312 719 442 0 7 0 0 0 0 0 0
1616743566 4314 719 442 0 7 0 0 0 0 0 0
1616743579 4431 719 442 0 7 0 0 0 0 0 0
1616981208 4431 728 442 0 7 0 0 0 0 0 0
1616981219 4431 777 442 0 7 0 0 0 0 0 0
1616981568 4431 777 442 0 7 0 0 0 0 0 0
1616989548 4431 804 442 0 7 0 0 0 0 0 0
1616992346 4431 804 442 0 7 0 0 0 0 0 0
1617002902 4431 804 442 0 7 0 0 0 0 0 0
1617003012 4431 804 442 0 7 0 0 0 0 0 0
1617003230 4436 804 442 0 7 0 0 0 0 0 0
1617079791 4470 804 442 0 7 0 0 0 0 0 0
1617160870 4470 858 442 0 7 0 0 0 0 0 0
1617260435 4471 858 442 0 7 0 0 0 0 0 0
1617260455 4480 858 442 0 7 0 0 0 0 0 0
1617260485 4483 858 442 0 7 0 0 0 0 0 0
1617276656 4540 858 442 0 7 0 0 0 0 0 0
1617276683 4634 858 442 0 7 0 0 0 0 0 0
1617276902 4635 858 442 0 7 0 0 0 0 0 0
1617356062 4635 871 442 0 7 0 0 0 0 0 0
1617357174 4635 872 442 0 7 0 0 0 0 0 0
1617359373 4642 873 442 0 7 0 0 0 0 0 0
1617543649 4643 873 442 0 7 0 0 0 0 0 0
1617675747 4662 873 442 0 7 0 0 0 0 0 0
1617677676 4891 873 442 0 7 0 0 0 0 0 0
1617776397 4891 873 442 1 7 0 0 0 0 0 0
1617776946 4891 873 442 1 7 0 0 0 0 0 0
1617860323 4891 895 442 1 7 0 0 0 0 0 0
1617860387 4891 896 442 1 7 0 0 0 0 0 0
1617863473 4907 896 442 1 7 0 0 0 0 0 0
1617877441 4908 896 442 1 7 0 0 0 0 0 0
1617899028 4908 896 728 1 7 0 0 0 0 0 0
1617900555 4908 896 756 1 7 0 0 0 0 0 0
1617930307 4908 896 757 1 7 0 0 0 0 0 0
1617932219 5156 896 757 1 7 0 0 0 0 0 0
1617968720 5156 896 757 1 8 0 0 0 0 0 0
1618208430 5156 896 757 1 9 0 0 0 0 0 0
1618385418 5160 896 757 1 9 0 0 0 0 0 0
1618385431 5165 896 757 1 9 0 0 0 0 0 0
1618386713 5214 896 757 1 9 0 0 0 0 0 0
1618390649 5214 897 757 1 9 0 0 0 0 0 0
1618394834 5215 897 757 1 9 0 0 0 0 0 0
1618395250 5216 897 757 1 9 0 0 0 0 0 0
1618460853 5217 897 757 1 9 0 0 0 0 0 0
1618467607 5218 897 757 1 9 0 0 0 0 0 0
1618467656 5219 897 757 1 9 0 0 0 0 0 0
1618478227 5220 897 757 1 9 0 0 0 0 0 0
1618482620 5223 897 757 1 9 0 0 0 0 0 0
1618549291 5225 897 757 1 9 0 0 0 0 0 0
1618579557 5225 1077 757 1 9 0 0 0 0 0 0
1618801632 5225 1197 757 1 9 0 0 0 0 0 0
1618805103 5225 1215 757 1 9 0 0 0 0 0 0
1618815297 5225 1220 757 1 9 0 0 0 0 0 0
1618824208 5225 1293 757 1 9 0 0 0 0 0 0
1618826740 5225 1311 757 1 9 0 0 0 0 0 0
1618834102 5252 1311 757 1 9 0 0 0 0 0 0
1618926302 5252 1312 757 1 9 0 0 0 0 0 0
1618971715 5252 1312 757 2 9 0 0 0 0 0 0
1618971819 5252 1312 757 18 9 0 0 0 0 0 0
1618990696 5252 1312 757 18 10 0 0 0 0 0 0
1618991081 5252 1312 757 18 11 0 0 0 0 0 0
1618991682 5252 1312 757 18 11 0 0 0 0 0 0
1618994343 5252 1312 757 18 14 0 0 0 0 0 0
1618996069 5252 1328 757 18 14 0 0 0 0 0 0
1619080094 5252 1328 757 18 16 0 0 0 0 0 0
1619090486 5252 1613 757 18 16 0 0 0 0 0 0
1619096908 5252 1619 757 18 16 0 0 0 0 0 0
1619174138 5252 1625 757 18 16 0 0 0 0 0 0
1619174163 5252 1748 757 18 16 0 0 0 0 0 0
1619322277 5252 1748 757 18 48 0 0 0 0 0 0
1619362920 5252 1878 757 18 48 0 0 0 0 0 0
1619401903 5252 1883 757 18 48 0 0 0 0 0 0
1619419584 5252 1883 757 18 50 0 0 0 0 0 0
1619419620 5252 1883 757 18 104 0 0 0 0 0 0
1619419641 5252 1883 757 18 439 0 0 0 0 0 0
1619425691 5252 1925 757 18 439 0 0 0 0 0 0
1619426013 5252 1929 757 18 439 0 0 0 0 0 0
1619429509 5252 1950 757 18 439 0 0 0 0 0 0
1619488438 5252 1951 757 18 440 0 0 0 0 0 0
1619492066 5252 1965 757 18 440 0 0 0 0 0 0
1619495760 5252 1965 757 18 441 0 0 0 0 0 0
1619500002 5252 1971 757 18 441 0 0 0 0 0 0
1619512328 5252 2003 757 18 441 0 0 0 0 0 0
1619519496 5252 2013 757 293 474 0 0 0 0 0 0
1619531951 5252 2013 757 295 474 0 0 0 0 0 0
1619535284 5252 2013 757 296 474 0 0 0 0 0 0
1619597986 5252 2013 757 296 474 0 0 0 0 0 0
1619598011 5252 2017 757 296 474 0 0 0 0 0 0
1619598327 5252 2034 757 296 474 0 0 0 0 0 0
1619621299 5253 2034 757 296 474 0 0 0 0 0 0
1619621455 5253 2034 757 296 474 0 0 0 0 0 0
1619659349 5253 2066 757 296 474 0 0 0 0 0 0
1619661142 5253 2080 757 296 474 0 0 0 0 0 0
1619667269 5274 2080 757 296 474 0 0 0 0 0 0
1619680314 5280 2080 757 296 474 0 0 0 0 0 0
1619681435 5283 2080 757 296 474 0 0 0 0 0 0
1619744862 5283 2080 788 296 474 0 0 0 0 0 0
1619747404 5314 2080 788 296 474 0 0 0 0 0 0
1619765270 5314 2080 788 526 474 0 0 0 0 0 0
1619770490 5314 2080 788 528 474 0 0 0 0 0 0
1620291397 5371 2080 788 528 474 0 0 0 0 0 0
1620291412 5372 2080 788 528 474 0 0 0 0 0 0
1620357905 5374 2080 788 528 474 0 0 0 0 0 0
1620360372 5384 2080 788 528 474 0 0 0 0 0 0
1620391128 5399 2080 788 528 474 0 0 0 0 0 0
1620429804 5449 2080 788 528 474 0 0 0 0 0 0
1620470409 5449 2080 791 528 474 0 0 0 0 0 0
1620613607 5449 2080 791 576 474 0 0 0 0 0 0
1620613628 5449 2080 791 699 474 0 0 0 0 0 0
1620641611 5449 2080 791 700 474 0 0 0 0 0 0
1620704750 5449 2082 791 700 474 0 0 0 0 0 0
1620718203 5475 2082 791 700 474 0 0 0 0 0 0
1620788929 5478 2082 791 700 474 0 0 0 0 0 0
1620795302 5478 2082 791 817 474 0 0 0 0 0 0
1620807500 5479 2082 791 817 474 0 0 0 0 0 0
1620809458 5479 2084 791 817 474 0 0 0 0 0 0
1620809497 5479 2137 791 817 474 0 0 0 0 0 0
1620828759 5479 2247 791 817 474 0 0 0 0 0 0
1620895192 5479 2354 791 843 474 0 0 0 0 0 0
1620964965 5508 2354 791 843 474 0 0 0 0 0 0
1620965098 5650 2354 791 843 474 0 0 0 0 0 0
1620965116 5653 2354 791 843 474 0 0 0 0 0 0
1620965158 5666 2354 791 843 474 0 0 0 0 0 0
1620965175 5666 2354 791 843 474 0 0 0 0 0 0
1620965183 5679 2354 791 843 474 0 0 0 0 0 0
1620965193 5680 2354 791 843 474 0 0 0 0 0 0
1620965212 5807 2354 791 843 474 0 0 0 0 0 0
1620966678 5808 2354 791 843 474 0 0 0 0 0 0
1621248123 5808 2354 791 843 475 0 0 0 0 0 0
1621252188 5808 2354 792 843 475 0 0 0 0 0 0
1621252941 5808 2467 792 843 475 0 0 0 0 0 0
1621252981 5808 2483 792 843 475 0 0 0 0 0 0
1621253595 5808 2484 792 843 475 0 0 0 0 0 0
1621262291 5808 2484 793 843 475 0 0 0 0 0 0
1621306768 5808 2502 793 843 475 0 0 0 0 0 0
1621310130 5808 2528 793 843 475 0 0 0 0 0 0
1621326191 5808 2528 795 843 475 0 0 0 0 0 0
1621335658 5808 2528 795 843 477 0 0 0 0 0 0
1621398776 5808 2532 795 843 477 0 0 0 0 0 0
1621413359 6243 2533 795 843 477 0 0 0 0 0 0
1621581699 6243 2533 795 844 477 0 0 0 0 0 0
1621854526 6243 2533 795 844 478 0 0 0 0 0 0
1621904131 6396 2533 795 844 478 0 0 0 0 0 0
1621911897 6400 2549 795 844 478 0 0 0 0 0 0
1621996617 6400 2555 795 844 478 0 0 0 0 0 0
1622008858 6612 2555 795 844 478 0 0 0 0 0 0
1622008873 6678 2555 795 844 478 0 0 0 0 0 0
1622087097 6686 2555 795 844 478 0 0 0 0 0 0
1622108063 6686 2591 795 844 478 0 0 0 0 0 0
1622109787 6686 2591 795 848 478 0 0 0 0 0 0
1622109831 6686 2591 795 925 478 0 0 0 0 0 0
1622114363 6686 2644 795 925 478 0 0 0 0 0 0
1622114403 6759 2646 795 925 478 0 0 0 0 0 0
1622114539 6767 2646 795 925 478 0 0 0 0 0 0
1622177008 6767 2649 795 925 478 0 0 0 0 0 0
1622188769 6769 2649 795 925 478 0 0 0 0 0 0
1622195820 6769 2649 795 925 483 0 0 0 0 0 0
1622514832 6769 2652 795 925 483 0 0 0 0 0 0
1622516966 6769 2666 795 925 483 0 0 0 0 0 0
1622519392 6769 2678 795 925 483 0 0 0 0 0 0
1622521018 7151 2680 795 925 483 0 0 0 0 0 0
1622534107 7159 2680 795 925 483 0 0 0 0 0 0
1622534334 7165 2680 795 925 483 0 0 0 0 0 0
1622538346 7165 2684 795 925 483 0 0 0 0 0 0
1622542130 7167 2719 795 925 483 0 0 0 0 0 0
1622543419 7167 2722 795 925 483 0 0 0 0 0 0
1622603213 7167 2726 795 925 483 0 0 0 0 0 0
1622603269 7167 2728 795 925 483 0 0 0 0 0 0
1622608349 7167 2729 795 925 483 0 0 0 0 0 0
1622608607 7168 2729 795 925 483 0 0 0 0 0 0
1622610493 7168 2730 795 925 483 0 0 0 0 0 0
1622622940 7172 2730 795 925 483 0 0 0 0 0 0
1622686549 7193 2730 795 925 483 0 0 0 0 0 0
1622722476 7194 2730 795 925 483 0 0 0 0 0 0
1622722868 7194 2730 795 925 483 0 0 0 0 0 0
1622738419 7194 2730 873 925 483 0 0 0 0 0 0
1622738826 7194 2730 873 925 483 0 0 0 0 0 0
1622781888 7195 2730 873 925 483 0 0 0 0 0 0
1622785983 7196 2730 873 925 483 0 0 0 0 0 0
1622786071 7379 2730 873 925 483 0 0 0 0 0 0
1622789326 7385 2730 873 925 483 0 0 0 0 0 0
1622856333 7385 2742 873 925 483 0 0 0 0 0 0
1622858093 7385 2742 873 925 483 0 0 0 0 0 0
1622872028 7385 2743 873 925 483 0 0 0 0 0 0
1623025402 7385 2743 873 925 483 0 0 0 0 0 0
1623033586 7387 2743 873 925 483 0 0 0 0 0 0
1623035403 7387 2743 876 925 483 0 0 0 0 0 0
1623037094 7387 2743 876 925 483 0 0 0 0 0 0
1623037174 7393 2743 876 925 483 0 0 0 0 0 0
1623061053 7441 2743 876 925 483 0 0 0 0 0 0
1623061066 7552 2743 876 925 483 0 0 0 0 0 0
1623118052 7555 2743 876 925 483 0 0 0 0 0 0
1623119591 7558 2743 876 925 483 0 0 0 0 0 0
1623138043 7559 2743 876 925 483 0 0 0 0 0 0
1623138050 7563 2743 876 925 483 0 0 0 0 0 0
1623138077 7588 2743 876 925 483 0 0 0 0 0 0
1623141620 7588 2743 935 925 483 0 0 0 0 0 0
1623145730 7589 2743 941 925 483 0 0 0 0 0 0
1623147530 7589 2743 941 925 483 0 0 0 0 0 0
1623147674 7615 2743 941 925 483 0 0 0 0 0 0
1623213246 7615 2753 941 925 483 0 0 0 0 0 0
1623213286 7616 2754 941 925 483 0 0 0 0 0 0
1623295427 7621 2754 941 925 483 0 0 0 0 0 0
1623741715 7634 2754 941 925 483 0 0 0 0 0 0
1623748719 7634 2766 941 925 483 0 0 0 0 0 0
1623748950 7634 2768 941 952 483 0 0 0 0 0 0
1623752571 7634 2768 941 952 483 0 0 0 0 0 0
1623809579 7634 2768 941 953 483 0 0 0 0 0 0
1623812854 7634 2768 941 953 483 0 0 0 0 0 0
1623815850 7634 2778 941 953 483 0 0 0 0 0 0
1623827916 7900 2778 941 953 483 0 0 0 0 0 0
1623903528 7900 2778 941 957 483 0 0 0 0 0 0
1623932286 8084 2778 941 957 483 0 0 0 0 0 0
1623982387 8223 2778 941 957 483 0 0 0 0 0 0
1624022257 8255 2778 941 957 483 0 0 0 0 0 0
1624022276 8274 2778 941 957 483 0 0 0 0 0 0
1624328594 8281 2778 941 957 483 0 0 0 0 0 0
1624328604 8282 2778 941 957 483 0 0 0 0 0 0
1624352761 8308 2778 941 957 483 0 0 0 0 0 0
1624352777 8312 2778 941 957 483 0 0 0 0 0 0
1624419356 8312 2778 941 957 483 0 0 0 0 0 0
1624445128 8312 2782 941 957 483 0 0 0 0 0 0
1624448089 8312 2789 941 957 483 0 0 0 0 0 0
1624501107 8321 2789 941 957 483 0 0 0 0 0 0
1624501158 8336 2789 941 957 483 0 0 0 0 0 0
1624501176 8374 2789 941 957 483 0 0 0 0 0 0
1624503919 8374 2789 941 957 483 0 0 0 0 0 0
1624509521 8374 2789 942 957 483 0 0 0 0 0 0
1624514375 8374 2834 942 994 483 0 0 0 0 0 0
1624517495 8374 2834 942 1022 483 0 0 0 0 0 0
1624529835 8374 2834 944 1022 483 0 0 0 0 0 0
1624530022 8374 2867 944 1022 483 0 0 0 0 0 0
1624531658 8374 2867 944 1031 483 0 0 0 0 0 0
1624605197 8374 2876 944 1031 483 0 0 0 0 0 0
1624850606 8577 2876 944 1031 483 0 0 0 0 0 0
1624850617 8634 2876 944 1031 483 0 0 0 0 0 0
1624850623 8642 2876 944 1031 483 0 0 0 0 0 0
1624865737 8645 2876 944 1031 483 0 0 0 0 0 0
1624875115 8645 2876 944 1031 486 0 0 0 0 0 0
1624933418 8645 2887 944 1031 486 0 0 0 0 0 0
1624941605 8645 2887 944 1031 486 0 0 0 0 0 0
1624941623 8670 2887 944 1031 486 0 0 0 0 0 0
1625048226 8675 2887 944 1031 486 0 0 0 0 0 0
1625048236 8678 2887 944 1031 486 0 0 0 0 0 0
1625109935 8683 2887 944 1031 486 0 0 0 0 0 0
1625144115 8687 2887 944 1031 486 0 0 0 0 0 0
1625146514 8698 2887 944 1031 486 0 0 0 0 0 0
1625737787 8698 2887 944 1031 569 0 0 0 0 0 0
1626076251 8698 2887 944 1031 593 0 0 0 0 0 0
1626076271 8698 2887 944 1031 608 0 0 0 0 0 0
1626077639 8698 2887 944 1031 611 0 0 0 0 0 0
1626083225 8698 2887 944 1031 612 0 0 0 0 0 0
1626158433 8698 2887 944 1031 613 0 0 0 0 0 0
1626227782 8698 2887 944 1031 619 0 0 0 0 0 0
1626256665 8698 2887 944 1031 620 0 0 0 0 0 0
1626314320 8698 2887 944 1031 633 0 0 0 0 0 0
1626314345 8698 2887 944 1031 653 0 0 0 0 0 0
1626315615 8698 2887 944 1031 661 0 0 0 0 0 0
1626315856 8698 2887 944 1031 684 0 0 0 0 0 0
1626316205 8698 2887 944 1031 717 0 0 0 0 0 0
1626336209 8698 2887 944 1080 717 0 0 0 0 0 0
1626685629 8698 2887 944 1080 718 0 0 0 0 0 0
1626838629 8701 2887 944 1080 718 0 0 0 0 0 0
1626852978 8701 2888 944 1080 718 0 0 0 0 0 0
1626917531 8702 2888 944 1080 718 0 0 0 0 0 0
1626930906 8737 2888 944 1080 718 0 0 0 0 0 0
1627004284 8738 2888 944 1080 718 0 0 0 0 0 0
1627024603 8738 2897 944 1080 718 0 0 0 0 0 0
1627270237 8740 2897 944 1080 718 0 0 0 0 0 0
1627272964 8740 2897 944 1080 718 0 0 0 0 0 0
1627273236 8740 2897 944 1080 718 0 0 0 0 0 0
1627274177 8740 2897 944 1080 718 0 0 0 0 0 0
1627274653 8740 2897 944 1080 718 0 0 0 0 0 0
1627285938 8740 2907 944 1080 718 0 0 0 0 0 0
1627303318 8740 2907 1161 1080 718 0 0 0 0 0 0
1627384749 8740 2907 1161 1080 718 0 0 0 0 0 0
1627395950 8740 2907 1220 1080 718 0 0 0 0 0 0
1627404189 8740 2907 1226 1080 718 0 0 0 0 0 0
1627449683 8757 2907 1226 1080 718 0 0 0 0 0 0
1627449700 8762 2907 1226 1080 718 0 0 0 0 0 0
1627449725 8902 2907 1226 1080 718 0 0 0 0 0 0
1627458906 8908 2907 1226 1080 718 0 0 0 0 0 0
1627460803 8908 2908 1226 1080 718 0 0 0 0 0 0
1627555922 8908 2908 1227 1080 718 0 0 0 0 0 0
1627557734 8908 2908 1227 1080 718 0 0 0 0 0 0
1627608781 8909 2908 1227 1080 718 0 0 0 0 0 0
1627608797 9124 2908 1227 1088 718 0 0 0 0 0 0
1627632960 9125 2908 1227 1092 718 0 0 0 0 0 0
1627634188 9125 2908 1227 1093 718 0 0 0 0 0 0
1627866736 9125 2908 1227 1094 718 0 0 0 0 0 0
1627888693 9176 2908 1227 1094 718 0 0 0 0 0 0
1627900680 9176 2925 1227 1094 718 0 0 0 0 0 0
1627900716 9176 2926 1227 1094 718 0 0 0 0 0 0
1627956306 9177 2926 1227 1094 718 0 0 0 0 0 0
1627961295 9181 2926 1227 1094 718 0 0 0 0 0 0
1628071615 9181 2927 1227 1094 718 0 0 0 0 0 0
1628124770 9200 2927 1227 1094 718 0 0 0 0 0 0
1628137882 9207 2927 1227 1094 718 0 0 0 0 0 0
1628234282 9221 2927 1227 1094 718 0 0 0 0 0 0
1628507270 9249 2927 1234 1094 718 0 0 0 0 0 0
1628561096 9249 2930 1234 1094 718 0 0 0 0 0 0
1628562247 9249 2933 1234 1094 718 0 0 0 0 0 0
1628562282 9249 2934 1234 1094 718 0 0 0 0 0 0
1628565690 9249 2958 1234 1094 718 0 0 0 0 0 0
1628566522 9249 2960 1234 1094 718 0 0 0 0 0 0
1628566771 9249 2968 1234 1094 718 0 0 0 0 0 0
1628569439 9249 2968 1234 1095 718 0 0 0 0 0 0
1628571715 9249 2968 1234 1095 718 0 0 0 0 0 0
1628573018 9281 2968 1234 1095 718 0 0 0 0 0 0
1628573028 9298 2968 1234 1095 718 0 0 0 0 0 0
1628573078 9346 2968 1234 1095 718 0 0 0 0 0 0
1628587225 9346 2968 1261 1095 718 0 0 0 0 0 0
1628588283 9346 2968 1261 1095 718 0 0 0 0 0 0
1628593210 9346 2969 1261 1095 718 0 0 0 0 0 0
1628593914 9346 2969 1266 1095 718 0 0 0 0 0 0
1628652390 9357 2969 1266 1095 718 0 0 0 0 0 0
1628665183 9359 2969 1266 1095 718 0 0 0 0 0 0
1628675022 9359 2970 1266 1095 718 0 0 0 0 0 0
1628700268 9359 2970 1303 1095 718 0 0 0 0 0 0
1628749060 9359 2970 1303 1095 718 2 0 0 0 0 0
1628847281 9382 2970 1303 1095 718 2 0 0 0 0 0
1629104981 9402 2970 1303 1095 718 2 0 0 0 0 0
1629105021 9451 2970 1303 1095 718 2 0 0 0 0 0
1629106029 9451 2970 1303 1095 718 17 0 0 0 0 0
1629106322 9451 2970 1303 1095 718 18 0 0 0 0 0
1629107554 9451 2970 1303 1095 718 20 0 0 0 0 0
1629108118 9451 2970 1303 1095 718 45 0 0 0 0 0
1629165716 9465 2970 1303 1095 718 45 0 0 0 0 0
1629165737 9516 2970 1303 1095 718 45 0 0 0 0 0
1629271226 9516 2970 1303 1233 718 45 0 0 0 0 0
1629282760 9516 2970 1303 1233 718 46 0 0 0 0 0
1629353346 9517 2970 1303 1233 718 46 0 0 0 0 0
1629711515 9517 2970 1305 1233 718 46 0 0 0 0 0
1629724710 9517 2970 1305 1233 718 48 0 0 0 0 0
1629724739 9517 2970 1305 1233 718 50 0 0 0 0 0
1629789199 9561 2970 1305 1233 718 50 0 0 0 0 0
1629799694 9561 2970 1305 1261 718 50 0 0 0 0 0
1629861779 9567 2970 1305 1261 718 50 0 0 0 0 0
1629879464 9567 2970 1305 1267 718 50 0 0 0 0 0
1629892493 9568 2970 1305 1267 718 50 0 0 0 0 0
1629892880 9568 2970 1305 1267 718 50 0 0 0 0 0
1629966425 9637 2970 1305 1267 718 50 0 0 0 0 0
1630026875 9644 2970 1305 1267 718 50 0 0 0 0 0
1630026889 9653 2970 1305 1267 718 50 0 0 0 0 0
1630026918 9654 2970 1305 1267 718 50 0 0 0 0 0
1630027027 9699 2970 1305 1267 718 50 0 0 0 0 0
1630034953 9703 2970 1305 1267 718 50 0 0 0 0 0
1630063487 9708 2970 1306 1267 718 50 0 0 0 0 0
1630392565 9716 2970 1306 1267 718 50 0 0 0 0 0
1630494557 9716 2970 1306 1267 718 50 0 0 0 0 0
1630565465 9754 2970 1306 1267 718 50 0 0 0 0 0
1631000377 9754 2970 1306 1267 718 50 0 0 0 0 0
1631000405 9754 2970 1306 1267 718 50 0 0 0 0 0
1631000465 9754 2970 1306 1267 718 50 0 0 0 0 0
1631000505 9754 2970 1306 1267 718 50 0 0 0 0 0
1631000794 9754 2970 1306 1267 718 50 0 0 0 0 0
1631000840 9754 2970 1306 1267 718 50 0 0 0 0 0
1631000912 9754 2970 1306 1267 718 50 0 0 0 0 0
1631001007 9754 2970 1306 1267 718 50 0 0 0 0 0
1631001064 9754 2970 1306 1267 718 50 0 0 0 0 0
1631001247 9754 2970 1306 1267 718 50 0 0 0 0 0
1631001278 9754 2970 1306 1267 718 50 0 0 0 0 0
1631001361 9754 2970 1306 1267 718 50 0 0 0 0 0
1631001439 9754 2970 1306 1267 718 50 0 0 0 0 0
1631001545 9754 2970 1306 1267 718 50 0 0 0 0 0
1631001724 9754 2970 1306 1267 718 50 0 0 0 0 0
1631001783 9754 2970 1306 1267 718 50 0 0 0 0 0
1631086113 9754 2970 1306 1267 718 51 0 0 0 0 0
1631086117 9754 2970 1306 1267 718 111 0 0 0 0 0
1631146697 9754 2970 1330 1267 718 111 0 0 0 0 0
1631176283 9754 2970 1342 1267 718 111 0 0 0 0 0
1631244560 9756 2970 1342 1267 718 111 0 0 0 0 0
1631277209 9760 2970 1342 1267 718 111 0 0 0 0 0
1631277641 9760 2970 1342 1267 718 111 0 0 0 0 0
1631538205 9763 2970 1342 1267 718 111 0 0 0 0 0
1631539028 9763 2970 1342 1267 718 111 0 0 0 0 0
1631587161 9810 2970 1342 1267 718 111 0 0 0 0 0
1631592489 9819 2970 1342 1267 718 111 0 0 0 0 0
1631606422 9836 2970 1342 1267 718 111 0 0 0 0 0
1631676447 9838 2970 1342 1267 718 111 0 0 0 0 0
1631677613 9838 2970 1343 1267 718 111 0 0 0 0 0
1631688879 9838 2970 1343 1287 718 111 0 0 0 0 0
1631705082 9838 2970 1343 1288 718 111 0 0 0 0 0
1632368796 9841 2970 1343 1289 718 111 0 0 0 0 0
1632376053 9847 2970 1343 1289 718 111 0 0 0 0 0
1632467352 9874 2970 1343 1289 718 111 0 0 0 0 0
1632467384 9951 2970 1343 1289 718 111 0 0 0 0 0
1632574486 9953 2970 1343 1289 718 111 0 0 0 0 0
1632574495 9954 2970 1343 1291 718 111 0 0 0 0 0
1632731360 9954 2970 1343 1294 718 111 0 0 0 0 0
1632885939 9954 2970 1343 1294 718 113 0 0 0 0 0
1632964585 9954 2970 1343 1294 718 113 0 0 0 0 0
1634036017 9954 2970 1354 1294 718 113 0 0 0 0 0
1634570205 9954 2970 1453 1294 718 113 0 0 0 0 0
1634793431 9954 2970 1462 1294 718 113 0 0 0 0 0
1635153620 9954 2970 1462 1294 718 148 0 0 0 0 0
1635153682 9954 2970 1462 1294 718 153 0 0 0 0 0
1635388749 9964 2970 1462 1294 718 153 0 0 0 0 0
1635765114 9965 2970 1462 1294 718 153 0 0 0 0 0
1635826103 9965 2970 1462 1294 718 155 0 0 0 0 0
1635826249 9965 2970 1462 1294 718 155 0 0 0 0 0
1635995278 9978 2970 1462 1294 718 155 0 0 0 0 0
1637238515 9979 2970 1462 1294 718 155 0 0 0 0 0
1637649887 9981 2970 1462 1294 718 155 0 0 0 0 0
1638413950 10025 2970 1462 1294 718 155 0 0 0 0 0
1638423315 10025 2970 1462 1294 718 155 0 0 0 0 0
1638427179 10041 2970 1462 1294 718 155 0 0 0 0 0
1638760859 10052 2970 1462 1294 718 155 0 0 0 0 0
1638861734 10175 2970 1462 1294 718 155 0 0 0 0 0
1639016545 10175 2970 1462 1294 718 160 0 0 0 0 0
1639016567 10175 2970 1462 1294 718 163 0 0 0 0 0
1639033348 10175 2970 1462 1294 718 165 0 0 0 0 0
1639036253 10175 2970 1462 1294 718 165 0 0 0 0 0
1639469511 10175 2970 1462 1294 718 167 0 0 0 0 0
1639470669 10175 2970 1462 1294 718 168 0 0 0 0 0
1639487401 10175 2970 1462 1294 718 168 0 0 0 0 0
1639646373 10175 2970 1462 1294 718 168 0 0 0 0 222
1639972132 10175 2970 1462 1294 718 170 0 0 0 0 222
1640765282 10177 2970 1462 1294 718 170 0 0 0 0 222
1640839304 10177 2970 1462 1294 718 175 0 0 0 0 222
1640849910 10177 2970 1462 1294 718 176 0 0 0 0 222
1641206122 10178 2970 1462 1294 718 176 0 0 0 0 222
1641206377 10178 2970 1462 1294 718 176 0 0 0 0 222
1641264205 10386 2970 1462 1294 718 176 0 0 0 0 222
1641299289 10386 2970 1462 1294 718 176 0 0 0 0 222
1641301326 10388 2970 1462 1294 718 176 0 0 0 0 222
1641301439 10388 2970 1462 1294 718 176 0 0 0 0 222
1641339189 10388 2970 1462 1294 718 176 0 0 0 0 222
1641345560 10388 2970 1462 1294 718 176 0 0 0 0 222
1641345663 10388 2970 1462 1294 718 176 0 0 0 0 222
1641469035 10388 2970 1462 1294 718 177 0 0 0 0 222
1641469082 10388 2970 1462 1294 718 180 0 0 0 0 222
1641478330 10389 2970 1462 1294 718 180 0 0 0 0 222
1641479082 10389 2970 1462 1294 718 180 0 0 0 0 222
1641525824 10420 2970 1462 1294 718 180 0 0 0 0 222
1641549596 10420 2970 1462 1294 718 180 0 0 0 0 222
1641782776 10420 2970 1462 1294 718 180 0 0 0 0 222
1641811318 10420 2970 1462 1294 718 180 0 0 0 0 222
1641811410 10420 2970 1462 1294 718 188 0 0 0 0 222
1641822916 10420 2970 1462 1294 718 189 0 0 0 0 222
1641887711 10434 2970 1462 1294 718 189 0 0 0 0 222
1641888786 10434 2970 1466 1294 718 189 0 0 0 0 222
1641976012 10435 2970 1466 1294 718 189 0 0 0 0 222
1641976496 10435 2970 1466 1294 718 189 0 0 0 0 222
1642069732 10435 2970 1466 1294 718 189 0 0 0 0 222
1642148025 10435 2970 1466 1294 718 189 0 0 1 0 222
