1609754207 1 0 0 0 0 0 0 0 0 0 0 0
1609760036 1 1 0 0 0 0 0 0 0 0 0 0
1609763631 2 1 0 0 0 0 0 0 0 0 0 0
1609764277 3 1 0 0 0 0 0 0 0 0 0 0
1609817302 4 1 0 0 0 0 0 0 0 0 0 0
1609818241 4 1 0 0 0 0 0 0 0 1 0 0
1609835951 4 1 1 0 0 0 0 0 0 1 0 0
1609843061 4 2 1 0 0 0 0 0 0 1 0 0
1609846109 4 2 1 0 0 1 0 0 0 1 0 0
1609897832 4 9 1 0 0 1 0 0 0 2 0 0
1609900150 4 10 1 0 0 1 0 0 0 2 0 0
1609900180 4 11 1 0 0 1 0 0 0 2 0 0
1609900195 4 12 1 0 0 1 0 0 0 2 0 0
1609901752 5 12 1 0 0 1 0 0 0 2 0 0
1609984484 5 13 1 0 0 1 0 0 0 2 0 0
1609987771 6 13 1 0 0 1 0 0 0 2 0 0
1609988421 6 14 1 0 0 2 0 0 0 2 0 0
1610008831 6 15 1 0 0 2 0 0 0 2 0 0
1610075608 6 16 1 0 0 2 0 0 0 2 0 0
1610076456 6 17 1 0 0 2 0 0 0 2 0 0
1610091986 7 17 1 0 0 2 0 0 0 2 0 0
1610094503 7 18 1 0 0 2 0 0 0 2 0 0
1610094552 7 19 1 0 0 2 0 0 0 2 0 0
1610095423 7 19 1 0 0 2 0 0 0 3 0 0
1610095498 8 19 1 0 0 2 0 0 0 3 0 0
1610330574 9 19 1 0 0 2 0 0 0 3 0 0
1610361197 9 20 1 0 0 2 0 0 0 3 0 0
1610361216 9 21 1 0 0 2 0 0 0 3 0 0
1610427267 9 22 1 0 0 2 0 0 0 3 0 0
1610429087 14 22 1 0 0 3 0 0 0 3 0 0
1610502029 14 23 1 0 0 3 0 0 0 3 0 0
1610502376 14 23 1 0 0 4 0 0 0 3 0 0
1610531418 15 23 1 0 0 4 0 0 0 3 0 0
1610611533 15 24 1 0 0 4 0 0 0 3 0 0
1610611546 15 25 1 0 0 4 0 0 0 3 0 0
1610611561 15 26 1 0 0 4 0 0 0 3 0 0
1610612243 15 27 1 0 0 4 0 0 0 3 0 0
1610612844 15 27 1 0 0 5 0 0 0 3 0 0
1610706481 16 27 1 0 0 5 0 0 0 3 0 0
1610939565 17 27 1 0 0 5 0 0 0 3 0 0
1610951071 18 27 1 0 0 5 0 0 0 3 0 0
1610954506 19 27 1 0 0 5 0 0 0 3 0 0
1610956015 20 27 1 0 0 5 0 0 0 3 0 0
1610957404 21 27 1 0 0 5 0 0 0 3 0 0
1610957668 21 27 1 0 0 5 0 0 0 4 0 0
1610961501 22 27 1 0 0 5 0 0 0 4 0 0
1610961556 22 27 1 0 0 5 0 0 0 5 0 0
1611052235 22 28 1 0 0 5 0 0 0 5 0 0
1611052247 22 29 1 0 0 5 0 0 0 5 0 0
1611108465 23 29 1 0 0 5 0 0 0 5 0 0
1611133487 23 30 1 0 0 5 0 0 0 5 0 0
1611133510 23 31 1 0 0 5 0 0 0 5 0 0
1611133534 23 32 1 0 0 5 0 0 0 5 0 0
1611133566 23 33 1 0 0 5 0 0 0 5 0 0
1611133592 23 34 1 0 0 5 0 0 0 5 0 0
1611133609 23 35 1 0 0 5 0 0 0 5 0 0
1611208473 24 35 1 0 0 5 0 0 0 5 0 0
1611208495 25 35 1 0 0 5 0 0 0 5 0 0
1611211985 26 35 1 0 0 5 0 0 0 5 0 0
1611213580 27 35 1 0 0 5 0 0 0 5 0 0
1611232821 28 35 1 0 0 5 0 0 0 5 0 0
1611232861 29 35 1 0 0 5 0 0 0 5 0 0
1611286433 30 35 1 0 0 5 0 0 0 5 0 0
1611288144 31 35 1 0 0 5 0 0 0 5 0 0
1611289055 32 35 1 0 0 5 0 0 0 5 0 0
1611302137 33 35 1 0 0 5 0 0 0 5 0 0
1611304725 33 36 1 0 0 5 0 0 0 5 0 0
1611305591 33 36 1 0 0 6 0 0 0 5 0 0
1611306670 33 36 1 0 0 6 0 1 0 5 0 0
1611546186 34 36 1 0 0 6 0 1 0 5 0 0
1611567240 35 36 1 0 0 6 0 1 0 5 0 0
1611567519 35 36 1 0 0 6 0 1 0 6 0 0
1611654907 36 36 1 0 0 6 0 1 0 6 0 0
1611654960 37 36 1 0 0 6 0 1 0 6 0 0
1611654977 38 36 1 0 0 6 0 1 0 6 0 0
1611655956 38 36 1 0 0 6 0 1 0 7 0 0
1611658324 38 38 1 0 0 6 0 1 0 7 0 0
1611658415 38 39 1 0 0 6 0 1 0 7 0 0
1611665190 38 40 1 0 0 6 0 1 0 7 0 0
1611665383 38 41 1 0 0 6 0 1 0 7 0 0
1611712417 38 42 4 0 0 6 0 1 0 7 0 0
1611729875 38 42 5 0 0 6 0 1 0 7 0 0
1611731757 38 42 6 0 0 6 0 1 0 7 0 0
1611732207 38 42 7 0 0 6 0 1 0 7 0 0
1611733585 38 42 8 0 0 6 0 1 0 7 0 0
1611733870 38 44 8 0 0 6 0 1 1 7 0 0
1611736587 38 45 8 0 0 6 0 1 1 7 0 0
1611736689 38 46 8 0 0 6 0 1 1 7 0 0
1611736759 38 47 8 0 0 6 0 1 1 7 0 0
1611738460 38 48 8 0 0 6 0 1 1 7 0 0
1611742744 40 49 8 0 0 6 0 1 1 7 0 0
1611797874 41 49 8 0 0 6 0 1 1 7 0 0
1611810986 41 50 8 0 0 6 0 1 1 7 0 0
1611817797 41 51 8 0 0 6 0 1 1 7 0 0
1611828986 41 51 9 0 0 6 0 1 1 7 0 0
1611843072 41 51 10 0 0 6 0 1 1 7 0 0
1611845025 41 51 10 0 0 6 0 1 2 7 0 0
1611845981 41 51 11 0 0 6 0 1 2 7 0 0
1611846157 41 51 11 0 0 6 0 1 3 7 0 0
1611883222 41 52 11 0 0 6 0 1 3 7 0 0
1611883229 41 53 11 0 0 6 0 1 3 7 0 0
1611886895 41 53 11 0 0 7 0 1 3 7 0 0
1611916671 41 54 11 0 0 7 0 1 3 7 0 0
1611926349 42 54 11 0 0 7 0 1 3 7 0 0
1611927608 42 54 11 0 0 7 0 1 3 8 0 0
1612152283 42 54 12 0 0 7 0 1 3 8 0 0
1612169557 42 54 13 0 0 7 0 1 3 8 0 0
1612170285 42 54 13 0 0 7 0 1 4 8 0 0
1612255356 43 54 13 0 0 7 0 1 4 8 0 0
1612255520 43 54 13 0 0 7 0 1 4 9 0 0
1612257115 43 55 13 0 0 7 0 1 4 9 0 0
1612259505 43 56 13 0 0 7 0 1 4 9 0 0
1612321272 44 56 13 0 0 7 0 1 4 9 0 0
1612341073 44 57 13 0 0 7 0 1 4 9 0 0
1612350408 44 58 13 0 0 7 0 1 4 9 0 0
1612355308 44 58 13 0 0 7 0 1 4 10 0 0
1612410396 44 59 13 0 0 7 0 1 4 10 0 0
1612413651 44 59 13 0 0 8 0 1 4 10 0 0
1612414499 44 60 13 0 0 8 0 1 4 10 0 0
1612418898 44 60 13 0 0 9 0 1 4 10 0 0
1612430881 44 60 13 0 0 10 0 1 4 10 0 0
1612441923 44 60 14 0 0 10 0 1 4 10 0 0
1612441960 44 60 15 0 0 10 0 1 4 10 0 0
1612442796 44 60 16 0 0 10 0 1 4 10 0 0
1612444087 44 60 16 0 0 10 0 1 5 10 0 0
1612489178 44 60 16 0 0 10 0 1 5 11 0 0
1612491679 44 60 16 0 0 10 0 1 5 12 0 0
1612509967 45 60 16 0 0 10 0 1 5 12 0 0
1612510580 46 60 16 0 0 10 0 1 5 12 0 0
1612511086 46 61 16 0 0 10 0 1 5 12 0 0
1612517063 46 62 16 0 0 10 0 1 5 12 0 0
1612521226 50 63 16 0 0 10 0 1 5 12 0 0
1612524367 51 63 16 0 0 10 0 1 5 12 0 0
1612525190 51 63 16 0 0 11 0 1 5 12 0 0
1612527282 52 63 16 0 0 11 0 1 5 12 0 0
1612527859 53 63 16 0 0 11 0 1 5 12 0 0
1612528746 54 63 16 0 0 11 0 1 5 12 0 0
1612532708 55 63 16 0 0 11 0 1 5 12 0 0
1612586492 56 63 16 0 0 11 0 1 5 12 0 0
1612666841 57 63 16 0 0 11 0 1 5 12 0 0
1612681892 58 63 16 0 0 11 0 1 5 12 0 0
1612705717 59 63 16 0 0 11 0 1 5 12 0 0
1612748622 60 63 16 0 0 11 0 1 5 12 0 0
1612756655 61 63 16 0 0 11 0 1 5 12 0 0
1613820763 61 64 16 0 0 11 0 1 5 12 0 0
1613821478 61 64 16 0 0 12 0 1 5 12 0 0
1613975625 61 65 16 0 0 12 0 1 5 12 0 0
1613977355 61 65 16 0 0 13 0 1 5 12 0 0
1614039784 61 66 16 0 0 13 0 1 5 12 0 0
1614074306 62 66 16 0 0 13 0 1 5 12 0 0
1614076618 63 66 16 0 0 13 0 1 5 12 0 0
1614092971 64 66 16 0 0 13 0 1 5 12 0 0
1614093046 65 66 16 0 0 13 0 1 5 12 0 0
1614135364 65 67 16 0 0 13 0 1 5 12 0 0
1614135471 65 68 16 0 0 13 0 1 5 12 0 0
1614151332 65 69 16 0 0 13 0 1 5 12 0 0
1614158486 65 70 16 0 0 13 0 1 5 12 0 0
1614159857 65 70 16 0 0 14 0 1 5 12 0 0
1614231804 65 71 16 0 0 14 0 1 5 12 0 0
1614231815 65 72 16 0 0 14 0 1 5 12 0 0
1614235784 65 72 16 0 0 15 0 1 5 12 0 0
1614301603 66 72 16 0 0 15 0 1 5 12 0 0
1614301643 67 72 16 0 0 15 0 1 5 12 0 0
1614301701 68 72 16 0 0 15 0 1 5 12 0 0
1614304308 69 72 16 0 0 15 0 1 5 12 0 0
1614304378 70 72 16 0 0 15 0 1 5 12 0 0
1614335566 71 72 16 0 0 15 0 1 5 12 0 0
1614344512 72 72 16 0 0 15 0 1 5 12 0 0
1614387859 73 72 16 0 0 15 0 1 5 12 0 0
1614388201 74 72 16 0 0 15 0 1 5 12 0 0
1614390153 75 72 16 0 0 15 0 1 5 12 0 0
1614396439 76 72 16 0 0 15 0 1 5 12 0 0
1614409395 77 72 16 0 0 15 0 1 5 12 0 0
1614435934 78 72 16 0 0 15 0 1 5 12 0 0
1614439207 79 72 16 0 0 15 0 1 5 12 0 0
1614487127 80 72 16 0 0 15 0 1 5 12 0 0
1614559233 80 73 16 0 0 15 0 1 5 12 0 0
1614650778 80 73 17 0 0 15 0 1 5 12 0 0
1614672968 80 74 17 0 0 15 0 1 5 12 0 0
1614672995 80 75 17 0 0 15 0 1 5 12 0 0
1614756076 80 76 17 0 0 15 0 1 5 12 0 0
1614768980 81 76 17 0 0 15 0 1 5 12 0 0
1614768999 82 76 17 0 0 15 0 1 5 12 0 0
1614769084 83 76 17 0 0 15 0 1 5 12 0 0
1614769137 84 76 17 0 0 15 0 1 5 12 0 0
1614769158 85 76 17 0 0 15 0 1 5 12 0 0
1614769175 86 76 17 0 0 15 0 1 5 12 0 0
1614771103 87 76 17 0 0 15 0 1 5 12 0 0
1614772451 88 76 17 0 0 15 0 1 5 12 0 0
1614772468 89 76 17 0 0 15 0 1 5 12 0 0
1614773868 90 76 17 0 0 15 0 1 5 12 0 0
1614776280 91 76 17 0 0 15 0 1 5 12 0 0
1614781959 92 76 17 0 0 15 0 1 5 12 0 0
1614781979 93 76 17 0 0 15 0 1 5 12 0 0
1614822894 94 76 17 0 0 15 0 1 5 12 0 0
1614822903 95 76 17 0 0 15 0 1 5 12 0 0
1614831667 96 76 17 0 0 15 0 1 5 12 0 0
1614840770 96 77 17 0 0 15 0 1 5 12 0 0
1614840799 96 78 17 0 0 15 0 1 5 12 0 0
1614840818 96 79 17 0 0 15 0 1 5 12 0 0
1614849933 97 79 17 0 0 15 0 1 5 12 0 0
1614850031 98 79 17 0 0 15 0 1 5 12 0 0
1614850073 99 79 17 0 0 15 0 1 5 12 0 0
1614850336 100 79 17 0 0 15 0 1 5 12 0 0
1614851697 100 80 17 0 0 15 0 1 5 12 0 0
1614853245 100 81 17 0 0 15 0 1 5 12 0 0
1614853570 100 82 17 0 0 15 0 1 5 12 0 0
1614855261 101 82 17 0 0 15 0 1 5 12 0 0
1614859192 102 82 17 0 0 15 0 1 5 12 0 0
1614860767 103 82 17 0 0 15 0 1 5 12 0 0
1614906931 104 82 17 0 0 15 0 1 5 12 0 0
1614913333 104 83 17 0 0 15 0 1 5 12 0 0
1614926944 104 83 18 0 0 15 0 1 5 12 0 0
1614937301 104 83 18 0 0 15 0 2 5 12 0 0
1614937802 105 83 18 0 0 15 0 2 5 12 0 0
1614946226 105 83 19 0 0 15 0 2 5 12 0 0
1615040208 105 83 19 0 0 15 0 3 5 12 0 0
1615180579 106 83 19 0 0 15 0 3 5 12 0 0
1615180598 107 83 19 0 0 15 0 3 5 12 0 0
1615180613 108 83 19 0 0 15 0 3 5 12 0 0
1615197282 109 83 19 0 0 15 0 3 5 12 0 0
1615198248 110 83 19 0 0 15 0 3 5 12 0 0
1615201032 111 83 19 0 0 15 0 3 5 12 0 0
1615209164 112 83 19 0 0 15 0 3 5 12 0 0
1615256631 113 83 19 0 0 15 0 3 5 12 0 0
1615261633 114 83 19 0 0 15 0 3 5 12 0 0
1615261644 115 83 19 0 0 15 0 3 5 12 0 0
1615343995 116 84 19 0 0 15 0 3 5 12 0 0
1615377192 116 85 19 0 0 15 0 3 5 12 0 0
1615379186 116 85 19 0 0 16 0 3 5 12 0 0
1615524372 116 86 20 0 0 16 0 3 5 12 0 0
1615530588 116 87 20 0 0 16 0 3 5 12 0 0
1615541686 121 87 20 0 0 16 1 3 5 12 0 0
1615557282 122 87 20 0 0 16 1 3 5 12 0 0
1615563706 123 87 20 0 0 16 1 3 5 12 0 0
1615564229 124 87 20 0 0 16 1 3 5 12 0 0
1615564484 125 87 20 0 0 16 1 3 5 12 0 0
1615566090 126 87 20 0 0 16 1 3 5 12 0 0
1615736825 127 87 20 0 0 16 1 3 5 12 0 0
1615787517 128 87 20 0 0 16 1 3 5 12 0 0
1615790738 129 87 20 0 0 16 1 3 5 12 0 0
1615793764 129 88 20 0 0 16 1 3 5 12 0 0
1615803838 130 88 20 0 0 16 1 3 5 12 0 0
1615814998 131 88 20 0 0 16 1 3 5 12 0 0
1615815121 132 88 20 0 0 16 1 3 5 12 0 0
1615819296 133 88 20 0 0 16 1 3 5 12 0 0
1615819310 134 88 20 0 0 16 1 3 5 12 0 0
1615874795 135 88 20 0 0 16 1 3 5 12 0 0
1615875070 135 88 20 0 0 16 1 3 6 12 0 0
1615880988 135 89 20 0 0 16 1 3 6 12 0 0
1615968919 136 89 20 0 0 16 1 3 6 12 0 0
1615988333 137 89 20 0 0 16 1 3 6 12 0 0
1616030524 137 90 20 0 0 16 1 3 6 12 0 0
1616030537 137 91 20 0 0 16 1 3 6 12 0 0
1616030547 137 92 20 0 0 16 1 3 6 12 0 0
1616030585 137 93 20 0 0 16 1 3 6 12 0 0
1616035957 137 94 20 0 0 16 1 3 6 12 0 0
1616035976 137 95 20 0 0 16 1 3 6 12 0 0
1616035985 137 96 20 0 0 16 1 3 6 12 0 0
1616035995 137 97 20 0 0 16 1 3 6 12 0 0
1616036827 137 98 20 0 0 16 1 3 6 12 0 0
1616045822 138 98 20 0 0 16 1 3 6 12 0 0
1616058673 139 98 20 0 0 16 1 3 6 12 0 0
1616064242 140 98 20 0 0 16 1 3 6 12 0 0
1616126392 141 98 20 0 0 16 1 3 6 12 0 0
1616154671 141 98 20 1 0 16 1 3 6 12 0 0
1616155814 142 98 20 1 0 16 1 3 7 12 0 0
1616376234 143 98 20 1 0 16 1 3 7 12 0 0
1616382109 144 98 20 1 0 16 1 3 7 12 0 0
1616397230 145 98 20 1 0 16 1 3 7 12 0 0
1616398983 145 99 20 1 0 16 1 3 7 12 0 0
1616420462 146 99 20 1 0 16 1 3 7 12 0 0
1616420492 147 99 20 1 0 16 1 3 7 12 0 0
1616420540 148 99 20 1 0 16 1 3 7 12 0 0
1616420555 149 99 20 1 0 16 1 3 7 12 0 0
1616453927 150 99 20 1 0 16 1 3 7 12 0 0
1616601715 150 99 21 1 0 16 1 3 7 12 0 0
1616743688 150 100 21 1 0 16 1 3 7 12 0 0
1616743694 150 101 21 1 0 16 1 3 7 12 0 0
1616748525 151 101 21 1 0 16 1 3 7 12 0 0
1616985026 152 101 21 1 0 16 1 3 7 12 0 0
1616989484 153 101 21 1 0 16 1 3 7 12 0 0
1616989508 154 101 21 1 0 16 1 3 7 12 0 0
1617111235 154 101 21 2 0 16 1 3 7 12 0 0
1617164990 154 101 21 3 0 16 1 3 7 12 0 0
1617171767 156 101 21 4 0 16 1 3 7 12 0 0
1617181795 157 101 21 4 0 16 1 3 7 12 0 0
1617182375 157 101 21 4 0 17 1 3 7 12 0 0
1617183691 157 101 21 5 0 17 1 3 7 12 0 0
1617185215 157 101 21 6 0 17 1 3 7 12 0 0
1617204709 158 101 21 6 0 17 1 3 7 12 0 0
1617260626 158 102 21 6 0 17 1 3 7 12 0 0
1617260646 158 103 21 8 0 17 1 3 7 12 0 0
1617261282 158 103 21 9 0 17 1 3 7 12 0 0
1617262477 159 103 21 9 0 17 1 3 7 12 0 0
1617359426 160 103 21 9 0 17 1 3 7 12 0 0
1617359451 161 103 21 9 0 17 1 3 7 12 0 0
1617359476 162 103 21 9 0 17 1 3 7 12 0 0
1617677053 163 103 21 9 0 17 1 3 7 12 0 0
1617677415 163 103 21 9 0 18 1 3 7 12 0 0
1617707102 163 103 21 10 0 18 1 3 7 12 0 0
1617776196 163 103 21 11 0 18 1 3 7 12 0 0
1617776203 163 103 21 12 0 18 1 3 7 12 0 0
1617860289 164 103 21 12 0 18 1 3 7 12 0 0
1617897261 164 103 22 12 0 18 1 3 7 12 0 0
1617899104 164 103 23 12 0 18 1 3 7 12 0 0
1617899286 164 103 24 12 0 18 1 3 7 12 0 0
1617929851 164 103 25 12 0 18 1 3 7 12 0 0
1617930700 164 103 26 12 0 18 1 3 7 12 0 0
1617930837 164 104 27 12 0 18 1 3 7 12 0 0
1617935867 165 104 27 12 0 18 2 3 7 12 0 0
1618396384 165 105 27 12 0 18 2 3 7 12 0 0
1618482806 165 106 27 12 0 18 2 3 7 12 0 0
1618554779 165 106 27 13 0 18 2 3 7 12 0 0
1618817146 166 106 27 13 0 18 2 3 7 12 0 0
1618824234 167 106 27 13 0 18 2 3 7 12 0 0
1618825304 168 106 27 13 0 18 2 3 7 12 0 0
1618825454 169 106 27 13 0 18 2 3 7 12 0 0
1618826768 170 106 27 13 0 18 2 3 7 12 0 0
1618835333 170 107 27 13 0 18 2 3 7 12 0 0
1618900211 170 107 27 14 0 18 2 3 7 12 0 0
1618933325 171 107 27 14 0 18 2 3 7 12 0 0
1618990714 171 107 27 14 0 18 3 3 7 12 0 0
1618994790 172 107 27 14 0 18 3 3 7 12 0 0
1618998036 173 107 27 14 0 18 3 3 7 12 0 0
1619001574 174 107 27 14 0 18 3 3 7 12 0 0
1619065943 174 107 27 14 0 18 4 3 7 12 0 0
1619079713 174 107 27 14 0 18 5 3 7 12 0 0
1619090539 175 107 27 14 0 18 5 3 7 12 0 0
1619162221 176 107 27 14 0 18 5 3 7 12 0 0
1619167377 177 107 27 14 0 18 5 3 7 12 0 0
1619332903 178 107 27 14 0 18 5 3 7 12 0 0
1619362871 179 107 27 14 0 18 5 3 7 12 0 0
1619362898 180 107 27 14 0 18 5 3 7 12 0 0
1619407962 181 107 27 14 0 18 5 3 7 12 0 0
1619419353 181 107 27 14 0 18 6 3 7 12 0 0
1619419360 181 107 27 14 0 18 7 3 7 12 0 0
1619419388 181 107 27 14 0 18 8 3 7 12 0 0
1619419434 181 107 27 14 0 18 9 3 7 12 0 0
1619420568 181 107 27 14 0 18 10 3 7 12 0 0
1619421757 181 107 27 14 0 18 11 3 7 12 0 0
1619425733 181 107 27 14 0 18 12 3 7 12 0 0
1619425739 181 107 27 14 0 18 13 3 7 12 0 0
1619448052 182 107 27 14 0 18 13 3 7 12 0 0
1619448070 183 107 27 14 0 18 13 3 7 12 0 0
1619448093 184 107 27 14 0 18 13 3 7 12 0 0
1619448109 185 107 27 14 0 18 13 3 7 12 0 0
1619448148 187 107 27 14 0 18 13 3 7 12 0 0
1619488452 187 107 27 14 0 18 14 3 7 12 0 0
1619492077 188 107 27 14 0 18 14 4 7 12 0 0
1619498770 189 107 27 14 0 18 14 4 7 12 0 0
1619499718 190 107 27 14 0 18 14 4 7 12 0 0
1619503020 191 107 27 14 0 18 14 4 7 12 0 0
1619504107 192 107 27 14 0 18 14 4 7 12 0 0
1619504733 193 107 27 14 0 18 14 4 7 12 0 0
1619512107 194 107 27 21 0 18 14 4 7 12 0 0
1619575585 195 107 27 21 0 18 14 5 7 12 0 0
1619587528 196 107 27 21 0 18 14 5 7 12 0 0
1619597485 196 107 27 22 0 18 14 5 7 12 0 0
1619680957 196 108 27 22 0 18 14 5 7 12 0 0
1619680987 196 109 27 22 0 18 14 5 7 12 0 0
1619681411 197 110 27 22 0 18 14 5 7 12 0 0
1619746512 198 110 27 22 0 18 14 5 7 12 0 0
1619765168 198 110 27 23 0 18 14 5 7 12 0 0
1619769624 198 111 27 23 0 18 14 5 7 12 0 0
1619770585 198 111 27 24 0 18 14 5 7 12 0 0
1619771074 198 112 27 24 0 18 14 5 7 12 0 0
1620291449 198 113 27 24 0 18 14 5 7 12 0 0
1620357615 199 114 27 24 0 18 14 5 7 12 0 0
1620439119 200 115 27 24 0 18 14 5 7 12 0 0
1620613125 200 115 28 24 0 18 14 5 7 12 0 0
1620613209 200 115 28 24 0 19 14 5 7 12 0 0
1620613496 200 115 28 25 0 19 14 5 7 12 0 0
1620704141 200 116 28 25 0 19 14 5 7 12 0 0
1620704176 200 117 28 25 0 19 14 5 7 12 0 0
1620704200 200 118 28 25 0 19 14 5 7 12 0 0
1620704303 200 119 28 25 0 19 14 5 7 12 0 0
1620704378 200 120 28 25 0 19 14 5 7 12 0 0
1620704851 201 120 28 25 0 19 14 5 7 12 0 0
1620718943 201 121 28 25 0 19 14 5 7 12 0 0
1620718956 201 122 28 25 0 19 14 5 7 12 0 0
1620740294 201 123 28 25 0 19 14 5 7 12 0 0
1620795411 203 123 28 26 0 19 14 5 7 12 0 0
1620804936 203 123 28 27 0 19 14 5 7 12 0 0
1620806061 203 124 28 28 0 19 14 5 7 12 0 0
1620809343 204 124 28 28 0 19 14 5 7 12 0 0
1620895271 205 124 28 28 0 19 14 5 7 12 0 0
1620897231 205 124 28 29 0 19 14 5 7 12 0 0
1620897329 205 124 28 30 0 19 14 5 7 12 0 0
1620898626 206 124 28 30 0 19 14 5 7 12 0 0
1620960803 207 124 28 30 0 19 14 5 7 12 0 0
1620970679 208 125 28 30 0 19 14 5 7 12 0 0
1620978810 208 126 28 31 0 19 14 5 7 12 0 0
1621220899 208 126 28 32 0 19 14 5 7 12 0 0
1621223874 208 126 28 33 0 19 14 5 7 12 0 0
1621252206 208 126 29 33 0 19 14 5 7 12 0 0
1621253327 209 126 29 33 0 19 14 5 8 12 0 0
1621262110 209 126 30 33 0 19 14 5 8 12 0 0
1621307907 210 126 30 33 0 19 14 5 8 12 0 0
1621310336 211 126 30 33 0 19 14 5 8 12 0 0
1621311107 212 126 30 33 0 19 14 5 8 12 0 0
1621312248 213 126 30 33 0 19 14 5 8 12 0 0
1621323826 214 126 30 33 0 19 14 5 8 12 0 0
1621389268 215 126 30 33 0 19 14 5 8 12 0 0
1621397961 216 126 30 33 0 19 14 5 8 12 0 0
1621398820 217 126 30 33 0 19 14 5 8 12 0 0
1621399011 218 126 30 33 0 19 14 5 8 12 0 0
1621412654 219 126 30 33 0 19 14 5 8 12 0 0
1621566782 220 126 30 33 0 19 14 5 8 12 0 0
1621579658 221 126 30 33 0 19 14 5 8 12 0 0
1621580168 222 126 30 33 0 19 14 5 8 12 0 0
1621590255 223 126 30 34 0 19 14 5 8 12 0 0
1621823039 224 126 30 34 0 19 14 5 8 12 0 0
1621824062 224 127 30 34 0 19 14 5 8 12 0 0
1621824523 224 128 30 34 0 19 14 5 8 12 0 0
1621825428 225 128 30 34 0 19 14 5 8 12 0 0
1621826553 226 128 30 34 0 19 14 5 8 12 0 0
1621827108 226 128 30 34 0 19 14 5 9 12 0 0
1621827977 227 128 30 34 0 19 14 5 9 12 0 0
1621904054 227 129 30 34 0 19 14 5 9 12 0 0
1621912431 229 130 30 34 0 19 14 5 9 12 0 0
1621996589 230 130 30 34 0 19 14 5 9 12 0 0
1622009073 230 131 30 34 0 19 14 5 9 12 0 0
1622036410 231 131 30 34 0 19 14 5 9 12 0 0
1622087593 231 132 30 34 0 19 14 5 9 12 0 0
1622087604 231 133 30 34 0 19 14 5 9 12 0 0
1622108037 232 133 30 34 0 19 14 5 9 12 0 0
1622109330 233 133 30 34 0 19 14 5 9 12 0 0
1622110989 233 133 30 35 0 19 14 5 9 12 0 0
1622114351 234 133 30 35 0 19 14 5 9 12 0 0
1622127223 235 133 30 35 0 19 14 5 9 12 0 0
1622165739 235 133 30 36 0 19 14 5 9 12 0 0
1622170405 235 134 30 36 0 19 14 5 9 12 0 0
1622176605 236 134 30 36 0 19 14 5 9 12 0 0
1622186537 237 134 30 36 0 19 14 5 9 12 0 0
1622187769 238 134 30 36 0 19 14 5 9 12 0 0
1622189108 239 134 30 37 0 19 14 5 9 12 0 0
1622197008 240 134 30 37 0 19 14 5 9 12 0 0
1622198632 242 134 30 37 0 19 14 5 9 12 0 0
1622429746 243 134 30 37 0 19 14 5 9 12 0 0
1622452920 245 134 30 37 0 19 14 5 9 12 0 0
1622513946 246 134 30 37 0 19 14 5 9 12 0 0
1622514798 247 134 30 37 0 19 14 5 9 12 0 0
1622516997 248 134 30 37 0 19 14 5 9 12 0 0
1622519426 249 134 30 37 0 19 14 5 9 12 0 0
1622519444 250 134 30 37 0 19 14 5 9 12 0 0
1622519457 251 134 30 37 0 19 14 5 9 12 0 0
1622542087 252 134 30 37 0 19 14 5 9 12 0 0
1622542102 253 134 30 37 0 19 14 5 9 12 0 0
1622542888 254 134 30 37 0 19 14 5 9 12 0 0
1622595546 254 135 30 37 0 19 14 5 9 12 0 0
1622595571 254 136 30 37 0 19 14 5 9 12 0 0
1622611322 255 136 30 37 0 19 14 5 9 12 0 0
1622622496 256 136 30 37 0 19 14 5 9 12 0 0
1622624729 257 136 30 37 0 19 14 5 9 12 0 0
1622625653 257 136 30 37 0 20 14 5 9 12 0 0
1622625928 258 136 30 37 0 20 14 5 9 12 0 0
1622626037 258 137 30 37 0 20 14 5 9 12 1 0
1622627169 259 137 30 37 0 20 14 5 9 12 1 0
1622639769 259 138 30 37 0 20 14 5 9 12 1 0
1622706571 260 139 30 37 0 20 14 5 9 12 1 0
1622718340 261 139 30 37 0 20 14 5 9 12 1 0
1622732998 262 139 30 37 0 20 14 5 9 12 1 0
1622786759 262 140 31 37 0 20 14 5 9 12 1 0
1622852190 263 140 31 37 0 20 14 5 9 12 1 0
1622852215 264 140 31 37 0 20 14 5 9 12 1 0
1622852235 265 140 31 37 0 20 14 5 9 12 1 0
1622855294 266 140 31 37 0 20 14 5 9 12 1 0
1622855569 267 140 31 37 0 20 14 5 9 12 1 0
1622855878 268 140 31 37 0 20 14 5 9 12 1 0
1622858026 269 140 31 37 0 20 14 5 9 12 1 0
1622866658 270 140 31 37 0 20 14 5 9 12 1 0
1623033389 271 140 31 37 0 20 14 5 9 12 1 0
1623035551 271 140 32 37 0 20 14 5 9 12 1 0
1623049701 272 140 32 37 0 20 14 5 9 12 1 0
1623054595 273 140 32 37 0 20 14 5 9 12 1 0
1623061367 273 141 32 37 0 20 14 5 9 12 1 0
1623202031 273 141 32 37 0 20 14 6 9 12 1 0
1623204274 273 141 32 37 0 20 14 7 9 12 1 0
1623205336 274 141 32 37 0 20 14 7 9 12 1 0
1623211900 275 141 32 37 0 20 14 7 9 12 1 0
1623212404 276 141 32 37 0 20 14 7 9 12 1 0
1623213277 277 141 32 37 0 20 14 7 9 12 1 0
1623293118 277 141 32 37 0 20 14 8 9 12 1 0
1623379850 278 141 32 37 0 20 14 8 9 12 1 0
1623380076 279 141 32 37 0 20 14 8 9 12 1 0
1623382853 280 141 32 37 0 20 14 8 9 12 1 0
1623384688 281 141 32 37 0 20 14 8 9 12 1 0
1623397311 282 141 32 37 0 20 14 8 9 12 1 0
1623398255 283 141 32 37 0 20 14 8 9 12 1 0
1623398510 283 141 32 37 0 21 14 8 9 12 1 0
1623400210 284 141 32 37 0 21 14 8 9 12 1 0
1623403720 285 141 32 37 0 21 14 8 9 12 1 0
1623404256 286 141 32 37 0 21 14 8 9 12 1 0
1623407350 287 141 32 37 0 21 14 8 9 12 1 0
1623740135 288 141 32 37 0 21 14 8 9 12 1 0
1623740157 289 141 32 37 0 21 14 8 9 12 1 0
1623740269 290 141 32 37 0 21 14 8 9 12 1 0
1623740896 291 141 32 38 0 21 14 8 9 12 1 0
1623812912 292 141 32 38 0 21 14 8 9 12 1 0
1623815835 293 141 32 38 0 21 14 8 9 12 1 0
1623817191 294 141 32 38 0 21 14 8 9 12 1 0
1623828369 294 142 32 38 0 21 14 8 9 12 1 0
1623828378 294 143 32 38 0 21 14 8 9 12 1 0
1623828409 294 144 32 38 0 21 14 8 9 12 1 0
1623830226 294 145 32 38 0 21 14 8 9 12 1 0
1623897090 294 145 32 39 0 21 14 8 9 12 1 0
1623903802 294 145 32 40 0 21 14 8 9 12 1 0
1623933334 294 146 32 40 0 21 14 8 9 12 1 0
1623986133 294 147 32 40 0 21 14 8 9 12 1 0
1623986145 294 148 32 40 0 21 14 8 9 12 1 0
1623988505 294 149 32 40 0 21 14 8 9 12 1 0
1623990173 295 149 32 40 0 21 14 8 9 12 1 0
1624004697 296 149 32 40 0 21 14 8 9 12 1 0
1624328572 296 150 32 40 0 21 14 8 9 12 1 0
1624331554 297 150 32 40 0 21 14 8 9 12 1 0
1624332917 297 151 32 40 0 21 14 8 9 12 1 0
1624343895 298 151 32 40 0 21 14 8 9 12 1 0
1624352824 298 152 32 40 0 21 14 8 9 12 1 0
1624420108 298 153 32 40 0 21 14 8 9 12 1 0
1624442887 299 153 32 40 0 21 14 8 9 12 1 0
1624448045 300 153 32 40 0 21 14 8 9 12 1 0
1624448393 301 153 32 40 0 21 14 8 9 12 1 0
1624501080 301 154 32 40 0 21 14 8 9 12 1 0
1624502322 301 154 32 41 0 21 14 8 9 12 1 0
1624502748 301 154 32 42 0 21 14 8 9 12 1 0
1624508984 301 155 33 42 0 21 14 8 9 12 1 0
1624512523 302 155 33 42 0 21 14 8 9 12 1 0
1624521054 302 156 33 42 0 21 14 8 9 12 1 0
1624525430 302 156 33 43 0 21 14 8 9 12 1 0
1624529784 302 156 34 43 0 21 14 8 9 12 1 0
1624530536 303 156 34 43 0 21 14 8 9 12 1 0
1624534219 304 156 34 43 0 21 14 8 9 12 1 0
1624541683 305 156 34 43 0 21 14 8 9 12 1 0
1624588802 306 156 34 43 0 21 14 8 9 12 1 0
1624589532 307 156 34 43 0 21 14 8 9 12 1 0
1624590351 308 156 34 43 0 21 14 8 9 12 1 0
1624595769 308 156 34 44 0 21 14 8 9 12 1 0
1624605170 309 156 34 44 0 21 14 8 9 12 1 0
1624941769 309 157 34 44 0 21 14 8 9 12 1 0
1625014193 309 158 34 44 0 21 14 8 9 12 1 0
1625027284 310 158 34 44 0 21 14 8 9 12 1 0
1625033594 310 159 34 44 0 21 14 8 9 12 1 0
1625040198 310 159 34 45 0 21 14 8 9 12 1 0
1625046823 310 160 34 45 0 21 14 8 9 12 1 0
1625048437 311 161 34 45 0 21 14 8 9 12 1 0
1625112750 312 161 34 45 0 21 14 8 9 12 1 0
1625125469 312 162 34 45 0 21 14 8 9 12 1 0
1625194571 313 162 34 45 0 21 14 8 9 12 1 0
1625195423 313 163 34 45 0 21 14 8 9 12 1 0
1625196459 313 164 34 45 0 21 14 8 9 12 1 0
1625198297 313 164 34 45 0 22 14 8 9 12 1 0
1625276669 314 164 34 45 0 22 14 8 9 12 1 0
1625463399 314 164 34 45 0 22 15 8 9 12 1 0
1625477163 315 164 34 45 0 22 15 8 9 12 1 0
1625477502 315 164 34 46 0 22 15 8 9 12 1 0
1625539555 315 164 34 46 0 22 16 8 9 12 1 0
1625653364 315 164 34 46 0 22 17 8 9 12 1 0
1625738316 315 164 34 46 0 22 18 8 9 12 1 0
1625739114 315 164 34 46 0 22 19 8 9 12 1 0
1625739760 315 164 34 46 0 22 20 8 9 12 1 0
1625740130 315 164 34 46 0 23 20 8 9 12 1 0
1625974621 315 164 34 46 0 23 20 9 9 12 1 0
1626018250 315 164 34 46 0 23 20 10 9 12 1 0
1626075978 315 164 34 46 0 23 20 11 9 12 1 0
1626158620 315 164 34 46 0 23 21 11 9 12 1 0
1626158642 315 164 34 46 0 23 22 11 9 12 1 0
1626158695 315 164 34 46 0 23 23 11 9 12 1 0
1626161943 315 164 34 46 0 23 24 11 9 12 1 0
1626163750 315 164 34 47 0 23 24 11 9 12 1 0
1626175803 315 164 34 47 0 23 25 11 9 12 1 0
1626185077 316 164 34 47 0 23 25 11 9 12 1 0
1626185082 317 164 34 47 0 23 25 11 9 12 1 0
1626255799 317 164 34 47 0 23 26 11 9 12 1 0
1626257061 317 164 34 47 0 24 26 11 9 12 1 0
1626322203 318 164 34 47 0 24 26 11 9 12 1 0
1626324001 319 164 34 47 0 24 26 11 9 12 1 0
1626332915 320 164 34 47 0 24 26 11 9 12 1 0
1626336299 320 164 34 48 0 24 26 11 9 12 1 0
1626340443 321 164 34 48 0 24 26 11 9 12 1 0
1626405486 322 164 34 48 0 24 26 11 9 12 1 0
1626420316 323 164 34 48 0 24 26 11 9 12 1 0
1626688271 323 164 35 48 0 24 26 11 9 12 1 0
1626838583 323 164 35 48 0 24 26 11 9 12 1 1
1626920611 324 164 35 48 0 24 26 11 9 12 1 1
1626923248 324 165 35 48 0 24 26 11 9 12 1 1
1627012709 324 165 35 49 0 24 26 11 9 12 1 1
1627013567 325 165 35 49 0 24 26 11 9 12 1 1
1627024400 326 165 35 49 0 24 26 11 9 12 1 1
1627273242 326 166 35 49 0 24 26 11 9 12 1 1
1627274172 327 167 35 49 0 24 26 11 9 12 1 1
1627285563 328 167 35 49 0 24 26 11 9 12 1 1
1627288983 329 167 35 49 0 24 26 11 9 12 1 1
1627290566 330 167 35 49 0 24 26 11 9 12 1 1
1627303534 330 168 36 49 0 24 26 11 9 12 1 1
1627357459 330 169 36 49 0 24 26 11 9 12 1 1
1627359042 330 169 37 49 0 24 26 11 9 12 1 1
1627404365 330 169 38 49 0 24 26 11 9 12 1 1
1627405900 330 169 39 49 0 24 26 11 9 12 1 1
1627446370 330 169 40 49 0 24 26 11 9 12 1 1
1627449605 330 170 40 49 0 24 26 11 9 12 1 1
1627449619 330 171 40 49 0 24 26 11 9 12 1 1
1627458883 330 172 40 49 0 24 26 11 9 12 1 1
1627460647 331 172 40 49 0 24 26 11 9 12 1 1
1627463501 332 172 40 49 0 24 26 11 9 12 1 1
1627608051 332 172 40 50 0 24 26 11 9 12 1 1
1627608123 332 172 40 51 0 24 26 11 9 12 1 1
1627633029 332 173 40 51 0 24 26 11 9 12 1 1
1627633046 332 174 40 51 0 24 26 11 9 12 1 1
1627633078 332 175 40 51 0 24 26 11 9 12 1 1
1627633086 332 176 40 52 0 24 26 11 9 12 1 1
1627635789 332 176 40 52 0 25 26 11 9 12 1 1
1627866690 332 176 40 53 0 25 26 11 9 12 1 1
1627877214 333 176 40 53 0 25 26 11 9 12 1 1
1627879635 334 176 40 53 0 25 26 11 9 12 1 1
1627892285 334 177 40 53 0 25 26 11 9 12 1 1
1627892357 334 178 40 53 0 25 26 11 9 12 1 1
1627900719 334 178 40 53 0 26 26 11 9 12 1 1
1627900772 335 178 40 53 0 26 26 11 9 12 1 1
1627900838 336 178 40 53 0 26 26 11 9 12 1 1
1627900983 337 178 40 53 0 26 26 11 9 12 1 1
1627957379 337 179 40 53 0 26 26 11 9 12 1 1
1627957480 337 179 40 53 0 27 26 11 9 12 1 1
1627960842 337 180 40 53 0 27 26 11 9 12 1 1
1628228758 337 181 40 53 0 27 26 11 9 12 1 1
1628475519 337 182 40 53 0 27 26 11 9 12 1 1
1628511365 337 182 41 53 0 27 26 11 9 12 1 1
1628573103 341 183 41 53 0 27 26 11 9 12 1 1
1628580563 342 183 41 53 0 27 26 11 9 12 1 1
1628652690 342 184 41 53 0 27 26 11 9 12 1 1
1628653094 342 185 41 53 0 27 26 11 9 12 1 1
1628668028 343 185 41 53 0 27 26 11 9 12 1 1
1628674424 344 185 41 53 0 27 26 11 9 12 1 1
1628749105 344 185 41 53 1 27 26 11 9 12 1 1
1628839860 344 185 43 53 1 27 26 12 9 12 1 1
1629105048 344 186 43 53 1 27 26 12 9 12 1 1
1629108335 344 186 43 53 2 27 26 12 9 12 1 1
1629111340 344 186 43 53 3 27 26 12 9 12 1 1
1629111498 344 186 43 53 4 27 26 12 9 12 1 1
1629165655 344 187 43 53 4 27 26 12 9 12 1 1
1629165664 344 188 43 53 4 27 26 12 9 12 1 1
1629165677 344 189 43 53 4 27 26 12 9 12 1 1
1629166394 344 189 43 53 4 28 26 12 9 12 1 1
1629189970 344 189 43 53 5 28 26 12 9 12 1 1
1629191260 344 189 43 53 6 28 26 12 9 12 1 1
1629191325 344 189 43 53 7 28 26 12 9 12 1 1
1629194382 344 189 43 53 8 28 26 12 9 12 1 1
1629194958 344 189 43 53 9 28 26 12 9 12 1 1
1629271120 344 189 43 54 9 28 26 13 9 12 1 1
1629338535 344 189 43 54 9 28 26 14 9 12 1 1
1629344345 344 189 44 54 9 28 26 14 9 12 1 1
1629348149 344 189 45 54 9 28 26 14 9 12 1 1
1629350287 344 189 46 54 9 28 26 14 9 12 1 1
1629357241 344 190 46 54 9 28 26 14 9 12 1 1
1629441207 344 190 46 54 10 28 26 14 9 12 1 1
1629442954 344 190 46 54 11 28 26 14 9 12 1 1
1629700705 344 190 46 54 12 28 26 14 9 12 1 1
1629708583 344 190 47 54 12 28 26 14 9 12 1 1
1629709085 344 190 47 54 12 28 26 14 10 12 1 1
1629714398 344 190 48 54 12 28 26 14 10 12 1 1
1629714416 344 190 49 54 12 28 26 14 10 12 1 1
1629715106 344 190 50 54 12 28 26 14 10 12 1 1
1629715702 344 190 50 54 13 28 26 14 10 12 1 1
1629718756 344 190 50 54 14 28 26 14 10 12 1 1
1629724007 344 190 50 54 15 28 26 14 10 12 1 1
1629724019 344 190 50 54 16 28 26 14 10 12 1 1
1629724145 344 190 50 54 17 28 26 14 10 12 1 1
1629730869 344 190 50 54 17 28 26 14 11 12 1 1
1629734743 344 190 50 54 18 28 26 14 11 12 1 1
1629767041 344 190 50 54 19 28 26 14 11 12 1 1
1629789523 344 190 51 54 19 28 26 14 11 12 1 1
1629789728 344 191 51 54 19 28 26 14 12 12 1 1
1629793859 344 191 51 54 19 28 26 15 12 12 1 1
1629800842 344 191 51 54 20 28 26 15 12 12 1 1
1629861786 344 192 51 54 20 28 26 15 12 12 1 1
1629879500 344 192 51 55 20 28 26 15 12 12 1 1
1629958893 344 192 52 55 20 28 26 15 12 12 1 1
1629966484 344 193 52 55 20 28 26 15 12 12 1 1
1630027249 344 194 52 55 20 28 26 15 12 12 1 1
1630027271 344 195 52 55 20 28 26 15 12 12 1 1
1630063286 344 195 53 55 20 28 26 15 12 12 1 1
1630288538 344 197 53 55 20 28 26 15 12 12 1 1
1630290859 344 197 53 55 20 28 26 15 13 12 1 1
1630312552 344 197 54 55 20 28 26 15 13 12 1 1
1630392374 344 198 54 55 20 28 26 15 13 12 1 1
1630462488 344 198 54 55 21 28 26 15 13 12 1 1
1630490525 344 198 55 55 22 28 26 15 13 12 1 1
1630493718 344 198 55 55 23 28 26 15 13 12 1 1
1630494846 344 198 55 56 23 28 26 15 13 12 1 1
1630505627 344 198 55 56 24 28 26 15 13 12 1 1
1630565392 344 199 55 56 24 28 26 15 13 12 1 1
1630565414 344 200 55 56 24 28 26 15 13 12 1 1
1630565922 344 201 55 56 24 28 26 15 13 12 1 1
1630568508 344 201 55 57 24 28 26 15 13 12 1 1
1630641590 344 201 55 57 25 28 26 15 13 12 1 1
1631001698 344 201 55 57 26 28 26 15 13 12 1 1
1631004405 344 201 55 57 27 28 26 16 13 12 1 1
1631019588 344 201 55 57 27 28 26 17 13 12 1 1
1631146498 344 201 56 57 27 28 26 17 13 12 1 1
1631176373 344 201 57 57 27 28 26 17 13 12 1 1
1631190630 344 201 57 58 27 28 26 17 13 12 1 1
1631587488 344 202 57 58 27 28 26 17 13 12 1 1
1631601732 344 203 57 58 27 28 26 17 13 12 1 1
1631602402 344 203 57 58 27 29 26 17 13 12 1 1
1631606393 344 204 57 58 27 29 26 17 13 12 1 1
1631677676 344 204 58 58 27 29 26 17 13 12 1 1
1631686194 344 204 58 59 27 29 26 17 13 12 1 1
1631687595 344 204 58 60 27 29 26 17 13 12 1 1
1631688983 344 204 58 61 27 29 26 17 13 12 1 1
1631691756 344 204 58 62 27 29 26 17 13 12 1 1
1631698569 344 204 58 63 27 29 26 17 13 12 1 1
1631703195 344 204 58 64 27 29 26 17 13 12 1 1
1631935082 344 205 58 64 27 29 26 17 13 12 1 1
1632363924 344 205 58 65 27 29 26 17 13 12 1 1
1632364182 344 206 58 65 27 29 26 17 13 12 1 1
1632367434 344 206 59 65 27 29 26 17 13 12 1 1
1632368730 344 206 59 66 27 29 26 17 13 12 1 1
1632454875 344 206 60 66 27 29 26 17 13 12 1 1
1632464812 344 206 61 66 27 29 26 17 13 12 1 1
1632468929 344 206 61 67 27 29 26 17 13 12 1 1
1632469112 344 206 61 68 27 29 26 17 13 12 1 1
1632478402 344 206 61 69 27 29 26 17 13 12 1 1
1632731204 344 206 61 70 27 29 26 17 13 12 1 1
1632731290 344 206 61 71 27 29 26 17 13 12 1 1
1632964468 344 206 61 71 28 29 26 17 13 12 1 1
1633944446 344 206 61 71 29 29 26 17 13 12 1 1
1634036369 344 206 62 71 29 29 26 17 13 12 1 1
1634541363 344 206 63 71 29 29 26 17 13 12 1 1
1634570322 344 206 64 71 29 29 26 17 13 12 1 1
1634793410 344 206 65 71 29 29 26 17 13 12 1 1
1634812225 344 206 66 71 29 29 26 17 13 12 1 1
1634951681 344 206 66 71 30 29 26 17 13 12 1 1
1634969761 344 206 66 71 31 29 26 17 13 12 1 1
1635128202 344 206 66 71 32 29 26 17 13 12 1 1
1635129996 344 206 66 71 33 29 26 17 13 12 1 1
1635131413 344 206 66 71 34 29 26 17 13 12 1 1
1635134178 344 206 66 71 35 29 26 17 13 12 1 1
1635401511 344 207 66 71 35 29 26 17 13 12 1 1
1635753839 344 207 66 72 35 29 26 17 13 12 1 1
1635842602 344 208 66 72 35 29 26 17 13 12 1 1
1636445538 344 209 66 72 35 29 26 17 13 12 1 1
1636445677 344 210 66 72 35 29 26 17 13 12 1 1
1636598208 344 211 66 72 35 29 26 17 13 12 1 1
1636598249 344 212 66 72 35 29 26 17 13 12 1 1
1636598302 344 213 66 72 35 29 26 17 13 12 1 1
1636599332 344 214 66 72 35 29 26 17 13 12 1 1
1636603217 344 215 66 72 35 29 26 17 13 12 1 1
1636889190 344 216 66 72 35 29 26 17 13 12 1 1
1637036614 344 216 67 72 35 29 26 17 13 12 1 1
1637207621 344 216 68 72 35 29 26 17 13 12 1 1
1637308705 344 216 68 72 36 29 26 17 13 12 1 1
1637310742 344 216 68 72 37 29 26 17 13 12 1 1
1637676833 344 216 68 72 38 29 26 17 13 12 1 1
1638502778 344 216 68 72 39 29 26 17 13 12 1 1
1638591337 344 216 69 72 39 29 26 17 13 12 1 1
1638616134 344 216 69 72 40 29 26 17 13 12 1 1
1638688301 344 216 69 72 41 29 26 17 13 12 1 1
1638760844 344 217 69 72 41 29 26 17 13 12 1 1
1638761523 344 218 69 72 41 29 26 17 13 12 1 1
1638859662 344 219 69 72 42 29 26 17 13 12 1 1
1638861881 344 220 69 72 42 29 26 17 13 12 1 1
1638947412 344 220 69 72 43 29 26 17 13 12 1 1
1638955457 344 220 70 72 43 29 26 17 13 12 1 1
1638965123 344 220 71 72 43 29 26 17 13 12 1 1
1638977713 344 220 71 72 44 29 26 17 13 12 1 1
1639015625 344 220 71 72 44 29 26 17 14 12 1 1
1639016620 344 220 71 72 45 29 26 17 14 12 1 1
1639033324 344 220 71 72 46 29 26 17 14 12 1 1
1639036373 344 220 71 72 47 29 26 17 14 12 1 1
1639044312 344 221 71 72 47 29 26 17 14 12 1 1
1639487225 344 221 71 73 47 29 26 17 14 12 1 1
1639624372 344 221 71 73 48 29 26 17 14 12 1 1
1639646193 344 221 71 73 48 29 26 17 14 13 1 1
1639646405 344 221 71 73 49 29 26 17 14 13 1 1
1639730451 344 221 71 73 50 29 26 17 14 13 1 1
1639746508 344 221 71 73 51 29 26 17 14 13 1 1
1639966738 344 221 71 73 52 29 26 17 14 13 1 1
1639968894 344 221 71 73 53 29 26 17 14 13 1 1
1639972107 344 221 71 73 54 29 26 17 14 13 1 1
1639996905 344 221 72 73 54 29 26 17 14 13 1 1
1640141910 344 221 72 73 55 29 26 17 14 13 1 1
1640665053 344 221 73 73 55 29 26 17 14 13 1 1
1640861765 344 222 73 73 55 29 26 17 14 13 1 1
1640861816 344 223 73 73 55 29 26 17 14 13 1 1
1640863056 344 223 73 73 55 30 26 17 14 13 1 1
1641361694 344 224 73 73 55 30 26 17 14 13 1 1
1641361713 344 225 73 73 55 30 26 17 14 13 1 1
1641362172 344 226 73 73 55 30 26 17 14 13 1 1
1641478899 344 227 73 73 55 30 26 17 14 13 1 1
1641479168 344 227 73 73 55 31 26 17 14 13 1 1
1641526063 344 228 73 73 55 31 26 17 14 13 1 1
1641526091 344 229 73 73 55 31 26 17 14 13 1 1
1641526109 344 230 73 73 55 31 26 17 14 13 1 1
1641526121 344 231 73 73 55 31 26 17 14 13 1 1
1641549579 344 232 73 73 55 31 26 17 14 13 1 1
1641782625 344 233 73 73 55 31 26 17 14 13 1 1
1641788584 344 233 73 74 56 31 26 17 14 13 1 1
1641880296 344 233 73 74 57 31 26 17 14 13 1 1
1641887100 344 233 74 74 57 31 26 17 14 13 1 1
1641888829 344 233 75 74 57 31 26 17 14 13 1 1
1641891556 344 234 76 74 57 31 26 17 14 13 1 1
1641976093 344 235 76 74 57 31 26 17 14 13 1 1
1641976486 344 235 76 74 57 32 26 17 14 13 1 1
1642045882 344 236 76 74 57 32 26 17 14 13 1 1
1642049589 344 236 76 74 58 32 26 17 14 13 1 1
1642066110 344 237 76 74 58 32 26 17 14 13 1 1
1642396072 344 238 76 74 58 32 26 17 14 13 1 1
1642561771 344 238 77 74 58 32 26 17 14 13 1 1
