1609754207 10
1609760036 22
1609763631 23
1609764277 22
1609818241 27
1609846109 39
1609849831 18
1609849849 91
1609849881 192
1609849932 194
1609849952 202
1609850124 256
1609850237 1218
1609897832 14
1609900150 1204
1609900180 1216
1609900195 1205
1609901752 1213
1609984484 1213
1609988228 1270
1609988421 1270
1610008831 1265
1610075608 1273
1610076456 1273
1610091986 1272
1610095423 1285
1610095498 1313
1610330574 1335
1610361197 1343
1610361216 1346
1610424675 25104
1610424892 25101
1610424908 25101
1610424919 25104
1610425125 25116
1610429087 1346
1610502376 25122
1610531418 24410
1610612844 24677
1610706481 24674
1610939565 24673
1610951071 24673
1610954506 24673
1610956015 24673
1610957668 24673
1610961556 24673
1611052235 24890
1611052247 24889
1611108465 24886
1611133487 24886
1611133510 24891
1611133534 24891
1611133566 24897
1611133592 24909
1611133609 24909
1611208473 24939
1611208495 24960
1611211985 25056
1611213580 25061
1611232821 25085
1611232861 25341
1611286433 25341
1611288144 25341
1611289055 25341
1611305591 25341
1611306670 25341
1611546186 25341
1611567519 25341
1611655956 25575
1611657893 1819
1611658324 1801
1611658415 1833
1611665190 1833
1611665383 1851
1611680398 1913
1611680479 1996
1611712209 1996
1611712417 1859
1611713767 25822
1611713801 25825
1611732774 2008
1611732847 2027
1611733870 2004
1611736587 2027
1611736689 2075
1611736759 2081
1611738460 2076
1611742744 2077
1611797874 25866
1611810986 25938
1611817797 25953
1611845025 26048
1611846157 26048
1611886895 26053
1611916671 26064
1611927608 26059
1612152283 26086
1612170285 26154
1612255520 26154
1612257115 26161
1612259505 26161
1612321272 26161
1612341073 26166
1612350408 26173
1612355308 26180
1612413651 26377
1612418898 26349
1612430881 26359
1612444087 26752
1612489178 26994
1612491679 27017
1612509967 27016
1612510580 26853
1612511086 26857
1612515734 26861
1612515748 26935
1612517063 26861
1612518197 26992
1612518512 26996
1612521226 26861
1612525190 27003
1612527282 26999
1612527859 26977
1612528746 26977
1612532708 26977
1612586492 26919
1612666841 27018
1612681892 27037
1612705717 3282
1612748622 3282
1612756655 3297
1613821478 3314
1613977355 3319
1614039784 3324
1614074306 3295
1614076618 3295
1614092971 3295
1614093046 3299
1614135364 3319
1614135471 3615
1614159857 3617
1614235784 5820
1614301603 5820
1614301643 5813
1614301701 6553
1614304308 6549
1614304378 6539
1614335566 7400
1614344512 7387
1614387859 7403
1614388201 7408
1614390153 7409
1614396439 7413
1614409395 7416
1614435934 7417
1614439207 7414
1614487127 7413
1614559233 7413
1614650778 7456
1614672968 7461
1614672995 7461
1614756076 7470
1614768980 7475
1614768999 7475
1614769084 7468
1614769137 7468
1614769158 7479
1614769175 8185
1614771103 8186
1614772451 8190
1614772468 8187
1614773868 8187
1614776280 8189
1614781959 8196
1614781979 8272
1614822894 8384
1614822903 8389
1614831667 8528
1614840770 8528
1614840799 8531
1614840818 8552
1614849933 8559
1614850031 8579
1614850073 8645
1614850336 8645
1614851697 8720
1614853245 8736
1614853570 8736
1614855261 8739
1614859192 8748
1614860767 8745
1614906931 8748
1614913333 8756
1614926944 8761
1614937301 8774
1614937802 8793
1614946226 8796
1615040208 8800
1615180579 8805
1615180598 8818
1615180613 8834
1615197282 8844
1615198248 8844
1615201032 8844
1615209164 8830
1615256631 8809
1615261633 8813
1615261644 8816
1615343995 8842
1615379186 8871
1615523496 8904
1615524372 8821
1615530588 8904
1615536746 8942
1615536767 8942
1615536778 8921
1615536797 9351
1615536874 9361
1615541686 8904
1615557282 10024
1615563706 10050
1615564229 10251
1615564484 10251
1615566090 10247
1615736825 10248
1615787517 10283
1615790738 10281
1615793764 10281
1615803838 10288
1615814998 10290
1615815121 10283
1615819296 10295
1615819310 10307
1615875070 10307
1615880988 10299
1615968919 10297
1615988333 10346
1616030524 10352
1616030537 10353
1616030547 10353
1616030585 10356
1616035957 10438
1616035976 10470
1616035985 10471
1616035995 10475
1616036827 10470
1616045822 10247
1616058673 10247
1616064242 10247
1616126392 10245
1616131398 10248
1616155814 10247
1616376234 10248
1616382109 7557
1616397230 7678
1616398983 7687
1616420462 7692
1616420492 7697
1616420540 7684
1616420555 8195
1616453927 8203
1616601715 8205
1616743688 8216
1616743694 8219
1616748525 8256
1616985026 8263
1616989484 8268
1616989508 8353
1617111235 8558
1617163641 8601
1617164336 8595
1617164990 8558
1617171767 8542
1617182375 8601
1617183691 8685
1617185215 8641
1617204709 8659
1617258554 8866
1617259343 8875
1617260626 8662
1617260646 8814
1617261282 8879
1617262477 8887
1617359426 8890
1617359451 8900
1617359476 8925
1617677415 8925
1617678159 9310
1617707102 8947
1617776196 8942
1617776203 8949
1617860289 8949
1617896423 9298
1617897261 9017
1617899104 9128
1617899286 9128
1617929851 9128
1617930700 9128
1617930837 9124
1617935867 9301
1618396384 9305
1618482806 9312
1618554779 9322
1618817146 9707
1618824234 9942
1618825304 9939
1618825454 9935
1618826768 9943
1618835333 9991
1618900211 9994
1618933325 35509
1618990714 35516
1618994790 35745
1618998036 35746
1619001574 35618
1619065943 35628
1619073671 37939
1619079713 35621
1619090539 35989
1619162221 36000
1619167377 36027
1619331506 37900
1619332903 36038
1619339563 37903
1619339900 37925
1619342042 37926
1619362871 36040
1619362898 36357
1619407962 36379
1619419353 36398
1619419360 36406
1619419388 36413
1619419434 36739
1619420568 36731
1619421757 36720
1619425500 37226
1619425733 36714
1619425739 36714
1619448052 36725
1619448070 36725
1619448093 36730
1619448109 36731
1619448148 37125
1619488452 37106
1619492077 37131
1619498770 37243
1619499718 37250
1619503020 37275
1619504107 37304
1619504733 37301
1619505161 37993
1619509084 37998
1619512107 37318
1619519374 38194
1619575585 37998
1619587528 38194
1619594743 38222
1619597485 38191
1619680957 38194
1619680987 38232
1619681411 38223
1619746512 38222
1619765168 38639
1619769624 38645
1619770585 38644
1619771074 38650
1620024749 38664
1620291449 38650
1620357615 38664
1620429835 38746
1620439119 38681
1620613209 38644
1620613496 38861
1620704141 35005
1620704176 34829
1620704200 34740
1620704303 32563
1620704378 28485
1620704851 28485
1620718943 28486
1620718956 28445
1620740294 28446
1620789531 29006
1620791543 29025
1620795411 29100
1620802505 29077
1620804936 29066
1620806061 29066
1620809343 29292
1620895271 30101
1620897231 30121
1620897329 30150
1620898626 30164
1620901410 30308
1620960803 30277
1620964367 30308
1620970679 30297
1620978810 30308
1621220899 30311
1621223874 30318
1621252955 30883
1621253327 30330
1621262110 30883
1621307907 30887
1621310336 30840
1621311107 30836
1621312248 30855
1621323826 30852
1621389268 30856
1621397961 30862
1621398820 30854
1621399011 30860
1621412654 32066
1621566782 30922
1621579658 30922
1621580168 30934
1621590027 31617
1621590255 31605
1621823039 31617
1621824062 32063
1621824523 32061
1621825428 32061
1621827108 32065
1621827977 32065
1621904054 32062
1621912431 32079
1621996589 32067
1622009073 32261
1622036410 32254
1622087593 32195
1622087604 32200
1622108037 32401
1622109330 32404
1622110989 32922
1622114351 32965
1622127223 32963
1622165739 32966
1622170405 32964
1622176605 32896
1622186537 32896
1622187576 33062
1622187769 32901
1622189108 32979
1622197008 33052
1622198632 33075
1622429746 33095
1622452920 33148
1622513946 33136
1622514798 33141
1622516997 33164
1622519426 33168
1622519444 33168
1622519457 33190
1622542087 33192
1622542102 33317
1622542888 33324
1622595546 33336
1622595571 33339
1622611322 33364
1622623003 33533
1622625653 33534
1622626037 33530
1622627169 33532
1622639769 33785
1622692008 33785
1622706571 33790
1622718340 33792
1622732998 33800
1622786065 33990
1622786759 33800
1622852190 33981
1622852215 33925
1622852235 33886
1622855294 33928
1622855569 33928
1622855878 33927
1622858026 33972
1622866658 33988
1623033389 33993
1623035551 34002
1623049701 33999
1623054595 33999
1623061367 34032
1623202031 34034
1623204274 34040
1623205336 34041
1623211900 34016
1623212404 34017
1623213277 34017
1623293118 34039
1623379850 34046
1623380076 34047
1623382853 34050
1623384688 34676
1623397311 34672
1623398510 34673
1623400210 34678
1623402483 34967
1623403720 34723
1623404256 34722
1623407350 34811
1623740135 34693
1623740157 34687
1623740269 34695
1623740896 34694
1623812912 34497
1623815835 34551
1623817191 34551
1623828369 34878
1623828378 34883
1623828409 34886
1623830226 34885
1623897090 34884
1623903802 34909
1623933334 35307
1623986133 35295
1623986145 35299
1623988505 35310
1623990173 35315
1624004697 35332
1624328572 35471
1624331554 35504
1624332917 35510
1624343895 35511
1624352824 35515
1624420108 35511
1624442887 35511
1624448045 35573
1624448393 35573
1624501080 35573
1624502322 35734
1624502748 35700
1624508755 35707
1624508984 35695
1624512523 35737
1624521054 35711
1624525430 35728
1624529784 35734
1624530536 35785
1624534219 35812
1624541683 35812
1624588802 35813
1624589532 35851
1624590351 35847
1624595769 35856
1624605170 35865
1624941769 35880
1625014193 35882
1625027284 35898
1625033594 35900
1625040198 36047
1625046823 36044
1625048116 36057
1625048437 36045
1625112750 36063
1625125469 36073
1625194571 36067
1625198297 36189
1625276669 36189
1625463399 36189
1625477163 36189
1625477502 36190
1625539555 36191
1625653364 36204
1625738316 36288
1625739114 36290
1625740130 36286
1625974621 36389
1626018250 36390
1626075978 36394
1626158620 36385
1626158642 36368
1626158695 36386
1626161943 36386
1626163750 36395
1626175803 36404
1626185077 36408
1626185082 36430
1626257061 36439
1626322203 36451
1626324001 36499
1626332915 36499
1626336299 36530
1626340443 36530
1626405486 36532
1626420316 36523
1626688271 36508
1626838583 36523
1626920611 36522
1626923248 36522
1627012709 36550
1627013567 36537
1627024400 36418
1627032576 36230
1627273242 36404
1627274172 36243
1627274629 36391
1627285563 36230
1627288983 36232
1627290566 36237
1627303534 36399
1627357459 36395
1627359042 36395
1627404365 36641
1627405900 36642
1627446370 36687
1627449605 36785
1627449619 36906
1627458883 36928
1627460647 36917
1627463501 36937
1627608051 36946
1627608123 36978
1627631847 37012
1627635789 37046
1627866690 37049
1627877214 37054
1627879635 37055
1627900719 37083
1627900772 37083
1627900838 37083
1627900983 37088
1627957480 37093
1627960842 37096
1628228758 37127
1628475519 37130
1628511365 37142
1628562228 37149
1628562587 37152
1628565679 37172
1628566476 37172
1628573103 37148
1628580563 37188
1628652690 37188
1628653094 37198
1628668028 37198
1628674424 37210
1628700305 37254
1628735970 37263
1628749105 37209
1628839860 37218
1629105048 37333
1629108335 37338
1629111340 37340
1629111498 37341
1629166394 37515
1629189970 37515
1629191260 37524
1629191325 37525
1629194382 37546
1629194958 37546
1629259175 38526
1629271120 38521
1629338535 38529
1629344345 38589
1629348149 38640
1629350287 38641
1629357241 38639
1629441207 38639
1629442954 38640
1629700705 38638
1629709085 38872
1629714398 38865
1629714416 38879
1629715106 38878
1629730869 38906
1629734743 38909
1629767041 38909
1629789428 39016
1629789728 38912
1629793859 39028
1629800842 39028
1629861786 39035
1629879500 39023
1629958893 39024
1629966484 39218
1630027249 39314
1630027271 39332
1630063286 39396
1630290859 39416
1630312552 39210
1630392374 39220
1630462488 39220
1630486037 39239
1630490525 39228
1630493718 39260
1630494846 39363
1630505627 39363
1630565392 39363
1630565414 39359
1630565922 39450
1630568508 39570
1630641590 39578
1630989838 39702
1631001698 39578
1631004405 39592
1631019588 39702
1631146498 39715
1631176373 39724
1631190630 39733
1631587488 39918
1631602402 39927
1631606393 39927
1631677676 39933
1631686194 39979
1631687595 39985
1631688983 40024
1631691756 40025
1631698569 40044
1631703195 40054
1631935082 40057
1632363924 40060
1632364182 40064
1632367434 40072
1632368730 40072
1632454875 40072
1632464812 40080
1632468929 39966
1632469112 39931
1632478402 39931
1632731204 39922
1632731290 39953
1632964468 38421
1633944446 38366
1634036369 38593
1634541363 38704
1634570322 38714
1634793410 38721
1634812225 38723
1634951681 39034
1634969761 39035
1635128202 39035
1635129996 39035
1635131413 39056
1635134178 39046
1635401511 39046
1635753839 39070
1635842602 39073
1636445538 39073
1636445677 39072
1636598208 39124
1636598249 39124
1636598302 39141
1636599332 39196
1636603217 39179
1636889190 39173
1637036614 39176
1637207621 39180
1637308705 39170
1637310742 39170
1637676833 39175
1638502778 39178
1638591337 39215
1638616134 39211
1638688301 39214
1638760844 39218
1638761523 39219
1638774360 39226
1638859662 39225
1638861881 39374
1638947412 39374
1638955457 39375
1638965123 39383
1639015625 39392
1639016620 39314
1639033324 39332
1639036373 36739
1639044312 36739
1639487225 36644
1639624372 36644
1639646193 39237
1639646405 39237
1639730451 39231
1639746508 39231
1639966738 39231
1639968894 39235
1639972107 39255
1639996905 39269
1640141910 39297
1640665053 39295
1640767263 38891
1640863056 39304
1641361694 39103
1641361713 38773
1641362172 38741
1641479168 38731
1641526063 38778
1641526091 38788
1641526109 38791
1641526121 38949
1641549579 38860
1641782625 38855
1641788584 38891
1641880296 34717
1641887100 34719
1641888016 34744
1641888829 34734
1641891556 34738
1641976486 34748
1642045882 34745
1642049589 34752
1642066110 34753
1642396072 34765
1642561771 34765
