1609754207 10 0 0 0 0 0 0 0 0 0 0 0
1609760036 10 12 0 0 0 0 0 0 0 0 0 0
1609763631 13 12 0 0 0 0 0 0 0 0 0 0
1609764277 31 12 0 0 0 0 0 0 0 0 0 0
1609817302 53 12 0 0 0 0 0 0 0 0 0 0
1609818241 53 12 0 0 0 0 0 0 0 0 0 0
1609835951 53 12 3 0 0 0 0 0 0 0 0 0
1609843061 53 28 3 0 0 0 0 0 0 0 0 0
1609846109 53 28 3 0 0 0 0 0 0 0 0 0
1609897832 53 1256 3 0 0 0 0 0 0 0 0 0
1609900150 53 1258 3 0 0 0 0 0 0 0 0 0
1609900180 53 1270 3 0 0 0 0 0 0 0 0 0
1609900195 53 1278 3 0 0 0 0 0 0 0 0 0
1609901752 66 1278 3 0 0 0 0 0 0 0 0 0
1609984484 66 1283 3 0 0 0 0 0 0 0 0 0
1609987771 136 1283 3 0 0 0 0 0 0 0 0 0
1609988421 136 1285 3 0 0 0 0 0 0 0 0 0
1610008831 136 1285 3 0 0 0 0 0 0 0 0 0
1610075608 136 1312 3 0 0 0 0 0 0 0 0 0
1610076456 136 1314 3 0 0 0 0 0 0 0 0 0
1610091986 142 1314 3 0 0 0 0 0 0 0 0 0
1610094503 142 1317 3 0 0 0 0 0 0 0 0 0
1610094552 142 1331 3 0 0 0 0 0 0 0 0 0
1610095423 142 1331 3 0 0 0 0 0 0 0 0 0
1610095498 185 1331 3 0 0 0 0 0 0 0 0 0
1610330574 213 1331 3 0 0 0 0 0 0 0 0 0
1610361197 213 1339 3 0 0 0 0 0 0 0 0 0
1610361216 213 1357 3 0 0 0 0 0 0 0 0 0
1610427267 213 1358 3 0 0 0 0 0 0 0 0 0
1610429087 24044 1358 3 0 0 0 0 0 0 0 0 0
1610502029 24044 1372 3 0 0 0 0 0 0 0 0 0
1610502376 24044 1372 3 0 0 0 0 0 0 0 0 0
1610531418 24046 1372 3 0 0 0 0 0 0 0 0 0
1610611533 24046 1377 3 0 0 0 0 0 0 0 0 0
1610611546 24046 1473 3 0 0 0 0 0 0 0 0 0
1610611561 24046 1646 3 0 0 0 0 0 0 0 0 0
1610612243 24046 1646 3 0 0 0 0 0 0 0 0 0
1610612844 24046 1646 3 0 0 0 0 0 0 0 0 0
1610706481 24051 1646 3 0 0 0 0 0 0 0 0 0
1610939565 24052 1646 3 0 0 0 0 0 0 0 0 0
1610951071 24054 1646 3 0 0 0 0 0 0 0 0 0
1610954506 24055 1646 3 0 0 0 0 0 0 0 0 0
1610956015 24059 1646 3 0 0 0 0 0 0 0 0 0
1610957404 24062 1646 3 0 0 0 0 0 0 0 0 0
1610957668 24062 1646 3 0 0 0 0 0 0 0 0 0
1610961501 24065 1646 3 0 0 0 0 0 0 0 0 0
1610961556 24065 1646 3 0 0 0 0 0 0 0 0 0
1611052235 24065 1864 3 0 0 0 0 0 0 0 0 0
1611052247 24065 1864 3 0 0 0 0 0 0 0 0 0
1611108465 24082 1864 3 0 0 0 0 0 0 0 0 0
1611133487 24082 1872 3 0 0 0 0 0 0 0 0 0
1611133510 24082 1879 3 0 0 0 0 0 0 0 0 0
1611133534 24082 1880 3 0 0 0 0 0 0 0 0 0
1611133566 24082 1887 3 0 0 0 0 0 0 0 0 0
1611133592 24082 1900 3 0 0 0 0 0 0 0 0 0
1611133609 24082 1901 3 0 0 0 0 0 0 0 0 0
1611208473 24125 1901 3 0 0 0 0 0 0 0 0 0
1611208495 24177 1901 3 0 0 0 0 0 0 0 0 0
1611211985 24288 1901 3 0 0 0 0 0 0 0 0 0
1611213580 24295 1901 3 0 0 0 0 0 0 0 0 0
1611232821 24339 1901 3 0 0 0 0 0 0 0 0 0
1611232861 24668 1901 3 0 0 0 0 0 0 0 0 0
1611286433 24676 1901 3 0 0 0 0 0 0 0 0 0
1611288144 24677 1901 3 0 0 0 0 0 0 0 0 0
1611289055 24679 1901 3 0 0 0 0 0 0 0 0 0
1611302137 24680 1901 3 0 0 0 0 0 0 0 0 0
1611304725 24680 1902 3 0 0 0 0 0 0 0 0 0
1611305591 24680 1902 3 0 0 0 0 0 0 0 0 0
1611306670 24680 1902 3 0 0 0 0 0 0 0 0 0
1611546186 24688 1902 3 0 0 0 0 0 0 0 0 0
1611567240 24696 1902 3 0 0 0 0 0 0 0 0 0
1611567519 24696 1902 3 0 0 0 0 0 0 0 0 0
1611654907 24723 1902 3 0 0 0 0 0 0 0 0 0
1611654960 24731 1902 3 0 0 0 0 0 0 0 0 0
1611654977 25094 1902 3 0 0 0 0 0 0 0 0 0
1611655956 25094 1902 3 0 0 0 0 0 0 0 0 0
1611658324 25094 2782 3 0 0 0 0 0 0 0 0 0
1611658415 25094 2798 3 0 0 0 0 0 0 0 0 0
1611665190 25094 2799 3 0 0 0 0 0 0 0 0 0
1611665383 25094 2819 3 0 0 0 0 0 0 0 0 0
1611712417 25094 2828 349 0 0 0 0 0 0 0 0 0
1611729875 25094 2828 388 0 0 0 0 0 0 0 0 0
1611731757 25094 2828 397 0 0 0 0 0 0 0 0 0
1611732207 25094 2828 398 0 0 0 0 0 0 0 0 0
1611733585 25094 2828 399 0 0 0 0 0 0 0 0 0
1611733870 25094 2856 399 0 0 0 0 0 0 0 0 0
1611736587 25094 2857 399 0 0 0 0 0 0 0 0 0
1611736689 25094 2918 399 0 0 0 0 0 0 0 0 0
1611736759 25094 2927 399 0 0 0 0 0 0 0 0 0
1611738460 25094 2938 399 0 0 0 0 0 0 0 0 0
1611742744 48873 2943 399 0 0 0 0 0 0 0 0 0
1611797874 48966 2943 399 0 0 0 0 0 0 0 0 0
1611810986 48966 3016 399 0 0 0 0 0 0 0 0 0
1611817797 48966 3036 399 0 0 0 0 0 0 0 0 0
1611828986 48966 3036 473 0 0 0 0 0 0 0 0 0
1611843072 48966 3036 528 0 0 0 0 0 0 0 0 0
1611845025 48966 3036 528 0 0 0 0 0 0 0 0 0
1611845981 48966 3036 530 0 0 0 0 0 0 0 0 0
1611846157 48966 3036 530 0 0 0 0 0 0 0 0 0
1611883222 48966 3047 530 0 0 0 0 0 0 0 0 0
1611883229 48966 3058 530 0 0 0 0 0 0 0 0 0
1611886895 48966 3058 530 0 0 0 0 0 0 0 0 0
1611916671 48966 3073 530 0 0 0 0 0 0 0 0 0
1611926349 48995 3073 530 0 0 0 0 0 0 0 0 0
1611927608 48995 3073 530 0 0 0 0 0 0 0 0 0
1612152283 48995 3073 558 0 0 0 0 0 0 0 0 0
1612169557 48995 3073 626 0 0 0 0 0 0 0 0 0
1612170285 48995 3073 626 0 0 0 0 0 0 0 0 0
1612255356 48996 3073 626 0 0 0 0 0 0 0 0 0
1612255520 48996 3073 626 0 0 0 0 0 0 0 0 0
1612257115 48996 3086 626 0 0 0 0 0 0 0 0 0
1612259505 48996 3093 626 0 0 0 0 0 0 0 0 0
1612321272 48998 3093 626 0 0 0 0 0 0 0 0 0
1612341073 48998 3180 626 0 0 0 0 0 0 0 0 0
1612350408 48998 3188 626 0 0 0 0 0 0 0 0 0
1612355308 48998 3188 626 0 0 0 0 0 0 7 0 0
1612410396 48998 3428 626 0 0 0 0 0 0 7 0 0
1612413651 48998 3428 626 0 0 0 0 0 0 7 0 0
1612414499 48998 3466 626 0 0 0 0 0 0 7 0 0
1612418898 48998 3466 626 0 0 0 0 0 0 7 0 0
1612430881 48998 3466 626 0 0 12 0 0 0 7 0 0
1612441923 48998 3466 751 0 0 12 0 0 0 7 0 0
1612441960 48998 3466 913 0 0 12 0 0 0 7 0 0
1612442796 48998 3466 1019 0 0 12 0 0 0 7 0 0
1612444087 48998 3466 1019 0 0 12 0 0 0 7 0 0
1612489178 48998 3466 1019 0 0 12 0 0 0 366 0 0
1612491679 48998 3466 1019 0 0 12 0 0 0 395 0 0
1612509967 49001 3466 1019 0 0 12 0 0 0 395 0 0
1612510580 49044 3466 1019 0 0 12 0 0 0 395 0 0
1612511086 49044 3471 1019 0 0 12 0 0 0 395 0 0
1612517063 49044 3477 1019 0 0 12 0 0 0 395 0 0
1612521226 49366 3478 1019 0 0 12 0 0 0 395 0 0
1612524367 49377 3478 1019 0 0 12 0 0 0 395 0 0
1612525190 49377 3478 1019 0 0 12 0 0 0 395 0 0
1612527282 49509 3478 1019 0 0 12 0 0 0 395 0 0
1612527859 49617 3478 1019 0 0 12 0 0 0 395 0 0
1612528746 49618 3478 1019 0 0 12 0 0 0 395 0 0
1612532708 49620 3478 1019 0 0 12 0 0 0 395 0 0
1612586492 49815 3478 1019 0 0 12 0 0 0 395 0 0
1612666841 49992 3478 1019 0 0 12 0 0 0 395 0 0
1612681892 50015 3478 1019 0 0 12 0 0 0 395 0 0
1612705717 50284 3478 1019 0 0 12 0 0 0 395 0 0
1612748622 50288 3478 1019 0 0 12 0 0 0 395 0 0
1612756655 50312 3478 1019 0 0 12 0 0 0 395 0 0
1613820763 50312 3496 1019 0 0 12 0 0 0 395 0 0
1613821478 50312 3496 1019 0 0 12 0 0 0 395 0 0
1613975625 50312 3505 1019 0 0 12 0 0 0 395 0 0
1613977355 50312 3505 1019 0 0 12 0 0 0 395 0 0
1614039784 50312 3510 1019 0 0 12 0 0 0 395 0 0
1614074306 50374 3510 1019 0 0 12 0 0 0 395 0 0
1614076618 50375 3510 1019 0 0 12 0 0 0 395 0 0
1614092971 50377 3510 1019 0 0 12 0 0 0 395 0 0
1614093046 50383 3510 1019 0 0 12 0 0 0 395 0 0
1614135364 50383 3531 1019 0 0 12 0 0 0 395 0 0
1614135471 50383 3827 1019 0 0 12 0 0 0 395 0 0
1614151332 50383 3828 1019 0 0 12 0 0 0 395 0 0
1614158486 50383 3831 1019 0 0 12 0 0 0 395 0 0
1614159857 50383 3831 1019 0 0 12 0 0 0 395 0 0
1614231804 50383 4350 1019 0 0 12 0 0 0 395 0 0
1614231815 50383 6035 1019 0 0 12 0 0 0 395 0 0
1614235784 50383 6035 1019 0 0 12 0 0 0 395 0 0
1614301603 50386 6035 1019 0 0 12 0 0 0 395 0 0
1614301643 50392 6035 1019 0 0 12 0 0 0 395 0 0
1614301701 51355 6035 1019 0 0 12 0 0 0 395 0 0
1614304308 51360 6035 1019 0 0 12 0 0 0 395 0 0
1614304378 51360 6035 1019 0 0 12 0 0 0 395 0 0
1614335566 52286 6035 1019 0 0 12 0 0 0 395 0 0
1614344512 52294 6035 1019 0 0 12 0 0 0 395 0 0
1614387859 52314 6035 1019 0 0 12 0 0 0 395 0 0
1614388201 52320 6035 1019 0 0 12 0 0 0 395 0 0
1614390153 52324 6035 1019 0 0 12 0 0 0 395 0 0
1614396439 52329 6035 1019 0 0 12 0 0 0 395 0 0
1614409395 52347 6035 1019 0 0 12 0 0 0 395 0 0
1614435934 52349 6035 1019 0 0 12 0 0 0 395 0 0
1614439207 52382 6035 1019 0 0 12 0 0 0 395 0 0
1614487127 52389 6035 1019 0 0 12 0 0 0 395 0 0
1614559233 52389 6036 1019 0 0 12 0 0 0 395 0 0
1614650778 52389 6036 1068 0 0 12 0 0 0 395 0 0
1614672968 52389 6041 1068 0 0 12 0 0 0 395 0 0
1614672995 52389 6224 1068 0 0 12 0 0 0 395 0 0
1614756076 52389 6234 1068 0 0 12 0 0 0 395 0 0
1614768980 52396 6234 1068 0 0 12 0 0 0 395 0 0
1614768999 52400 6234 1068 0 0 12 0 0 0 395 0 0
1614769084 52400 6234 1068 0 0 12 0 0 0 395 0 0
1614769137 52401 6234 1068 0 0 12 0 0 0 395 0 0
1614769158 52423 6234 1068 0 0 12 0 0 0 395 0 0
1614769175 53289 6234 1068 0 0 12 0 0 0 395 0 0
1614771103 53308 6234 1068 0 0 12 0 0 0 395 0 0
1614772451 53313 6234 1068 0 0 12 0 0 0 395 0 0
1614772468 53331 6234 1068 0 0 12 0 0 0 395 0 0
1614773868 53359 6234 1068 0 0 12 0 0 0 395 0 0
1614776280 53367 6234 1068 0 0 12 0 0 0 395 0 0
1614781959 53557 6234 1068 0 0 12 0 0 0 395 0 0
1614781979 53768 6234 1068 0 0 12 0 0 0 395 0 0
1614822894 53908 6234 1068 0 0 12 0 0 0 395 0 0
1614822903 53914 6234 1068 0 0 12 0 0 0 395 0 0
1614831667 54114 6234 1068 0 0 12 0 0 0 395 0 0
1614840770 54114 6235 1068 0 0 12 0 0 0 395 0 0
1614840799 54114 6239 1068 0 0 12 0 0 0 395 0 0
1614840818 54114 6261 1068 0 0 12 0 0 0 395 0 0
1614849933 54124 6261 1068 0 0 12 0 0 0 395 0 0
1614850031 54152 6261 1068 0 0 12 0 0 0 395 0 0
1614850073 54239 6261 1068 0 0 12 0 0 0 395 0 0
1614850336 54242 6261 1068 0 0 12 0 0 0 395 0 0
1614851697 54242 6531 1068 0 0 12 0 0 0 395 0 0
1614853245 54242 6547 1068 0 0 12 0 0 0 395 0 0
1614853570 54242 6556 1068 0 0 12 0 0 0 395 0 0
1614855261 54247 6556 1068 0 0 12 0 0 0 395 0 0
1614859192 54463 6556 1068 0 0 12 0 0 0 395 0 0
1614860767 54465 6556 1068 0 0 12 0 0 0 395 0 0
1614906931 54469 6556 1068 0 0 12 0 0 0 395 0 0
1614913333 54469 6564 1068 0 0 12 0 0 0 395 0 0
1614926944 54469 6564 1080 0 0 12 0 0 0 395 0 0
1614937301 54469 6564 1080 0 0 12 0 13 0 395 0 0
1614937802 54504 6564 1080 0 0 12 0 13 0 395 0 0
1614946226 54504 6564 1083 0 0 12 0 13 0 395 0 0
1615040208 54504 6564 1083 0 0 12 0 31 0 395 0 0
1615180579 54516 6564 1083 0 0 12 0 31 0 395 0 0
1615180598 54534 6564 1083 0 0 12 0 31 0 395 0 0
1615180613 54553 6564 1083 0 0 12 0 31 0 395 0 0
1615197282 54576 6564 1083 0 0 12 0 31 0 395 0 0
1615198248 54577 6564 1083 0 0 12 0 31 0 395 0 0
1615201032 54585 6564 1083 0 0 12 0 31 0 395 0 0
1615209164 54585 6564 1083 0 0 12 0 31 0 395 0 0
1615256631 54586 6564 1083 0 0 12 0 31 0 395 0 0
1615261633 54590 6564 1083 0 0 12 0 31 0 395 0 0
1615261644 54593 6564 1083 0 0 12 0 31 0 395 0 0
1615343995 54635 6593 1083 0 0 12 0 31 0 395 0 0
1615377192 54635 6594 1083 0 0 12 0 31 0 395 0 0
1615379186 54635 6594 1083 0 0 12 0 31 0 395 0 0
1615524372 54635 6678 1138 0 0 12 0 31 0 395 0 0
1615530588 54635 6679 1138 0 0 12 0 31 0 395 0 0
1615541686 55410 6679 1138 0 0 12 1 31 0 395 0 0
1615557282 56075 6679 1138 0 0 12 1 31 0 395 0 0
1615563706 56103 6679 1138 0 0 12 1 31 0 395 0 0
1615564229 56476 6679 1138 0 0 12 1 31 0 395 0 0
1615564484 56477 6679 1138 0 0 12 1 31 0 395 0 0
1615566090 56479 6679 1138 0 0 12 1 31 0 395 0 0
1615736825 56480 6679 1138 0 0 12 1 31 0 395 0 0
1615787517 56610 6679 1138 0 0 12 1 31 0 395 0 0
1615790738 56626 6679 1138 0 0 12 1 31 0 395 0 0
1615793764 56626 6680 1138 0 0 12 1 31 0 395 0 0
1615803838 56641 6680 1138 0 0 12 1 31 0 395 0 0
1615814998 56644 6680 1138 0 0 12 1 31 0 395 0 0
1615815121 56687 6680 1138 0 0 12 1 31 0 395 0 0
1615819296 56762 6680 1138 0 0 12 1 31 0 395 0 0
1615819310 56824 6680 1138 0 0 12 1 31 0 395 0 0
1615874795 56825 6680 1138 0 0 12 1 31 0 395 0 0
1615875070 56825 6680 1138 0 0 12 1 31 0 395 0 0
1615880988 56825 6684 1138 0 0 12 1 31 0 395 0 0
1615968919 56825 6684 1138 0 0 12 1 31 0 395 0 0
1615988333 56913 6684 1138 0 0 12 1 31 0 395 0 0
1616030524 56913 6693 1138 0 0 12 1 31 0 395 0 0
1616030537 56913 6694 1138 0 0 12 1 31 0 395 0 0
1616030547 56913 6695 1138 0 0 12 1 31 0 395 0 0
1616030585 56913 6747 1138 0 0 12 1 31 0 395 0 0
1616035957 56913 6829 1138 0 0 12 1 31 0 395 0 0
1616035976 56913 6864 1138 0 0 12 1 31 0 395 0 0
1616035985 56913 6865 1138 0 0 12 1 31 0 395 0 0
1616035995 56913 6869 1138 0 0 12 1 31 0 395 0 0
1616036827 56913 6871 1138 0 0 12 1 31 0 395 0 0
1616045822 57123 6871 1138 0 0 12 1 31 0 395 0 0
1616058673 57124 6871 1138 0 0 12 1 31 0 395 0 0
1616064242 57125 6871 1138 0 0 12 1 31 0 395 0 0
1616126392 57131 6871 1138 0 0 12 1 31 0 395 0 0
1616154671 57131 6871 1138 4 0 12 1 31 0 395 0 0
1616155814 57135 6871 1138 4 0 12 1 31 0 395 0 0
1616376234 57136 6871 1138 4 0 12 1 31 0 395 0 0
1616382109 57136 6871 1138 4 0 12 1 31 0 395 0 0
1616397230 57263 6871 1138 4 0 12 1 31 0 395 0 0
1616398983 57263 6889 1138 4 0 12 1 31 0 395 0 0
1616420462 57268 6889 1138 4 0 12 1 31 0 395 0 0
1616420492 57273 6889 1138 4 0 12 1 31 0 395 0 0
1616420540 57326 6889 1138 4 0 12 1 31 0 395 0 0
1616420555 58018 6889 1138 4 0 12 1 31 0 395 0 0
1616453927 58063 6889 1138 4 0 12 1 31 0 395 0 0
1616601715 58063 6889 1142 4 0 12 1 31 0 395 0 0
1616743688 58063 6901 1142 4 0 12 1 31 0 395 0 0
1616743694 58063 6914 1142 4 0 12 1 31 0 395 0 0
1616748525 58114 6914 1142 4 0 12 1 31 0 395 0 0
1616985026 58168 6914 1142 4 0 12 1 31 0 395 0 0
1616989484 58194 6914 1142 4 0 12 1 31 0 395 0 0
1616989508 58310 6914 1142 4 0 12 1 31 0 395 0 0
1617111235 58310 6914 1142 214 0 12 1 31 0 395 0 0
1617164990 58310 6914 1142 217 0 12 1 31 0 395 0 0
1617171767 58386 6914 1142 221 0 12 1 31 0 395 0 0
1617181795 58387 6914 1142 221 0 12 1 31 0 395 0 0
1617182375 58387 6914 1142 221 0 12 1 31 0 395 0 0
1617183691 58387 6914 1142 315 0 12 1 31 0 395 0 0
1617185215 58387 6914 1142 321 0 12 1 31 0 395 0 0
1617204709 58424 6914 1142 321 0 12 1 31 0 395 0 0
1617260626 58424 6917 1142 321 0 12 1 31 0 395 0 0
1617260646 58424 7112 1142 506 0 12 1 31 0 395 0 0
1617261282 58424 7112 1142 525 0 12 1 31 0 395 0 0
1617262477 58443 7112 1142 525 0 12 1 31 0 395 0 0
1617359426 58448 7112 1142 525 0 12 1 31 0 395 0 0
1617359451 58468 7112 1142 525 0 12 1 31 0 395 0 0
1617359476 58495 7112 1142 525 0 12 1 31 0 395 0 0
1617677053 58498 7112 1142 525 0 12 1 31 0 395 0 0
1617677415 58498 7112 1142 525 0 12 1 31 0 395 0 0
1617707102 58498 7112 1142 571 0 12 1 31 0 395 0 0
1617776196 58498 7112 1142 577 0 12 1 31 0 395 0 0
1617776203 58498 7112 1142 585 0 12 1 31 0 395 0 0
1617860289 58504 7112 1142 585 0 12 1 31 0 395 0 0
1617897261 58504 7112 1232 585 0 12 1 31 0 395 0 0
1617899104 58504 7112 1345 585 0 12 1 31 0 395 0 0
1617899286 58504 7112 1346 585 0 12 1 31 0 395 0 0
1617929851 58504 7112 1348 585 0 12 1 31 0 395 0 0
1617930700 58504 7112 1349 585 0 12 1 31 0 395 0 0
1617930837 58504 7287 1353 585 0 12 1 31 0 395 0 0
1617935867 58515 7287 1353 585 0 12 7 31 0 395 0 0
1618396384 58515 7287 1353 585 0 12 7 31 0 395 0 0
1618482806 58515 7294 1353 585 0 12 7 31 0 395 0 0
1618554779 58515 7294 1353 599 0 12 7 31 0 395 0 0
1618817146 59115 7294 1353 599 0 12 7 31 0 395 0 0
1618824234 59351 7294 1353 599 0 12 7 31 0 395 0 0
1618825304 59354 7294 1353 599 0 12 7 31 0 395 0 0
1618825454 59355 7294 1353 599 0 12 7 31 0 395 0 0
1618826768 59364 7294 1353 599 0 12 7 31 0 395 0 0
1618835333 59364 7343 1353 599 0 12 7 31 0 395 0 0
1618900211 59364 7343 1353 602 0 12 7 31 0 395 0 0
1618933325 84940 7343 1353 602 0 12 7 31 0 395 0 0
1618990714 84940 7343 1353 602 0 12 18 31 0 395 0 0
1618994790 85222 7343 1353 602 0 12 18 31 0 395 0 0
1618998036 85231 7343 1353 602 0 12 18 31 0 395 0 0
1619001574 85264 7343 1353 602 0 12 18 31 0 395 0 0
1619065943 85264 7343 1353 602 0 12 29 31 0 395 0 0
1619079713 85264 7343 1353 602 0 12 29 31 0 395 0 0
1619090539 85658 7343 1353 602 0 12 29 31 0 395 0 0
1619162221 85670 7343 1353 602 0 12 29 31 0 395 0 0
1619167377 85715 7343 1353 602 0 12 29 31 0 395 0 0
1619332903 85732 7343 1353 602 0 12 29 31 0 395 0 0
1619362871 85735 7343 1353 602 0 12 29 31 0 395 0 0
1619362898 86130 7343 1353 602 0 12 29 31 0 395 0 0
1619407962 86186 7343 1353 602 0 12 29 31 0 395 0 0
1619419353 86186 7343 1353 602 0 12 48 31 0 395 0 0
1619419360 86186 7343 1353 602 0 12 56 31 0 395 0 0
1619419388 86186 7343 1353 602 0 12 66 31 0 395 0 0
1619419434 86186 7343 1353 602 0 12 465 31 0 395 0 0
1619420568 86186 7343 1353 602 0 12 469 31 0 395 0 0
1619421757 86186 7343 1353 602 0 12 470 31 0 395 0 0
1619425733 86186 7343 1353 602 0 12 470 31 0 395 0 0
1619425739 86186 7343 1353 602 0 12 471 31 0 395 0 0
1619448052 86206 7343 1353 602 0 12 471 31 0 395 0 0
1619448070 86208 7343 1353 602 0 12 471 31 0 395 0 0
1619448093 86214 7343 1353 602 0 12 471 31 0 395 0 0
1619448109 86215 7343 1353 602 0 12 471 31 0 395 0 0
1619448148 86646 7343 1353 602 0 12 471 31 0 395 0 0
1619488452 86646 7343 1353 602 0 12 472 31 0 395 0 0
1619492077 86687 7343 1353 602 0 12 472 126 0 395 0 0
1619498770 86706 7343 1353 602 0 12 472 126 0 395 0 0
1619499718 86718 7343 1353 602 0 12 472 126 0 395 0 0
1619503020 86769 7343 1353 602 0 12 472 126 0 395 0 0
1619504107 86858 7343 1353 602 0 12 472 126 0 395 0 0
1619504733 86869 7343 1353 602 0 12 472 126 0 395 0 0
1619512107 86889 7343 1353 1377 0 12 472 126 0 395 0 0
1619575585 87151 7343 1353 1377 0 12 472 127 0 395 0 0
1619587528 87156 7343 1353 1377 0 12 472 127 0 395 0 0
1619597485 87156 7343 1353 1389 0 12 472 127 0 395 0 0
1619680957 87156 7377 1353 1389 0 12 472 127 0 395 0 0
1619680987 87156 7426 1353 1389 0 12 472 127 0 395 0 0
1619681411 87157 7426 1353 1389 0 12 472 127 0 395 0 0
1619746512 87158 7426 1353 1389 0 12 472 127 0 395 0 0
1619765168 87158 7426 1353 1867 0 12 472 127 0 395 0 0
1619769624 87158 7435 1353 1867 0 12 472 127 0 395 0 0
1619770585 87158 7435 1353 1875 0 12 472 127 0 395 0 0
1619771074 87158 7444 1353 1875 0 12 472 127 0 395 0 0
1620291449 87158 7445 1353 1875 0 12 472 127 0 395 0 0
1620357615 87159 7460 1353 1875 0 12 472 127 0 395 0 0
1620439119 87177 7531 1353 1875 0 12 472 127 0 395 0 0
1620613125 87177 7531 1353 1875 0 12 472 127 0 395 0 0
1620613209 87177 7531 1353 1875 0 12 472 127 0 395 0 0
1620613496 87177 7531 1353 2607 0 12 472 127 0 395 0 0
1620704141 87177 7531 1353 2607 0 12 472 127 0 395 0 0
1620704176 87177 7531 1353 2607 0 12 472 127 0 395 0 0
1620704200 87177 7531 1353 2607 0 12 472 127 0 395 0 0
1620704303 87177 7531 1353 2607 0 12 472 127 0 395 0 0
1620704378 87177 7531 1353 2607 0 12 472 127 0 395 0 0
1620704851 87179 7531 1353 2607 0 12 472 127 0 395 0 0
1620718943 87179 7540 1353 2607 0 12 472 127 0 395 0 0
1620718956 87179 7614 1353 2607 0 12 472 127 0 395 0 0
1620740294 87179 7616 1353 2607 0 12 472 127 0 395 0 0
1620795411 87217 7616 1353 3321 0 12 472 127 0 395 0 0
1620804936 87217 7616 1353 3371 0 12 472 127 0 395 0 0
1620806061 87217 7627 1353 3377 0 12 472 127 0 395 0 0
1620809343 87433 7627 1353 3377 0 12 472 127 0 395 0 0
1620895271 88250 7627 1353 3377 0 12 472 127 0 395 0 0
1620897231 88250 7627 1353 3403 0 12 472 127 0 395 0 0
1620897329 88250 7627 1353 3437 0 12 472 127 0 395 0 0
1620898626 88272 7627 1353 3437 0 12 472 127 0 395 0 0
1620960803 88426 7627 1353 3437 0 12 472 127 0 395 0 0
1620970679 88451 7639 1353 3437 0 12 472 127 0 395 0 0
1620978810 88451 7643 1353 3440 0 12 472 127 0 395 0 0
1621220899 88451 7643 1353 3448 0 12 472 127 0 395 0 0
1621223874 88451 7643 1353 3455 0 12 472 127 0 395 0 0
1621252206 88451 7643 1365 3455 0 12 472 127 0 395 0 0
1621253327 89054 7643 1365 3455 0 12 472 127 0 395 0 0
1621262110 89054 7643 1368 3455 0 12 472 127 0 395 0 0
1621307907 89060 7643 1368 3455 0 12 472 127 0 395 0 0
1621310336 89074 7643 1368 3455 0 12 472 127 0 395 0 0
1621311107 89082 7643 1368 3455 0 12 472 127 0 395 0 0
1621312248 89124 7643 1368 3455 0 12 472 127 0 395 0 0
1621323826 89125 7643 1368 3455 0 12 472 127 0 395 0 0
1621389268 89129 7643 1368 3455 0 12 472 127 0 395 0 0
1621397961 89139 7643 1368 3455 0 12 472 127 0 395 0 0
1621398820 89151 7643 1368 3455 0 12 472 127 0 395 0 0
1621399011 89169 7643 1368 3455 0 12 472 127 0 395 0 0
1621412654 89170 7643 1368 3455 0 12 472 127 0 395 0 0
1621566782 89263 7643 1368 3455 0 12 472 127 0 395 0 0
1621579658 89264 7643 1368 3455 0 12 472 127 0 395 0 0
1621580168 89279 7643 1368 3455 0 12 472 127 0 395 0 0
1621590255 89296 7643 1368 4240 0 12 472 127 0 395 0 0
1621823039 89297 7643 1368 4240 0 12 472 127 0 395 0 0
1621824062 89297 8089 1368 4240 0 12 472 127 0 395 0 0
1621824523 89297 8091 1368 4240 0 12 472 127 0 395 0 0
1621825428 89299 8091 1368 4240 0 12 472 127 0 395 0 0
1621826553 89309 8091 1368 4240 0 12 472 127 0 395 0 0
1621827108 89309 8091 1368 4240 0 12 472 127 0 395 0 0
1621827977 89314 8091 1368 4240 0 12 472 127 0 395 0 0
1621904054 89314 8117 1368 4240 0 12 472 127 0 395 0 0
1621912431 89572 8135 1368 4240 0 12 472 127 0 395 0 0
1621996589 89592 8135 1368 4240 0 12 472 127 0 395 0 0
1622009073 89592 8330 1368 4240 0 12 472 127 0 395 0 0
1622036410 89592 8330 1368 4240 0 12 472 127 0 395 0 0
1622087593 89592 8370 1368 4240 0 12 472 127 0 395 0 0
1622087604 89592 8375 1368 4240 0 12 472 127 0 395 0 0
1622108037 90052 8375 1368 4240 0 12 472 127 0 395 0 0
1622109330 90056 8375 1368 4240 0 12 472 127 0 395 0 0
1622110989 90056 8375 1368 4822 0 12 472 127 0 395 0 0
1622114351 90103 8375 1368 4822 0 12 472 127 0 395 0 0
1622127223 90115 8375 1368 4822 0 12 472 127 0 395 0 0
1622165739 90115 8375 1368 4826 0 12 472 127 0 395 0 0
1622170405 90115 8381 1368 4826 0 12 472 127 0 395 0 0
1622176605 90413 8381 1368 4826 0 12 472 127 0 395 0 0
1622186537 90414 8381 1368 4826 0 12 472 127 0 395 0 0
1622187769 90421 8381 1368 4826 0 12 472 127 0 395 0 0
1622189108 90512 8381 1368 5053 0 12 472 127 0 395 0 0
1622197008 90516 8381 1368 5053 0 12 472 127 0 395 0 0
1622198632 90571 8381 1368 5053 0 12 472 127 0 395 0 0
1622429746 90603 8381 1368 5053 0 12 472 127 0 395 0 0
1622452920 90707 8381 1368 5053 0 12 472 127 0 395 0 0
1622513946 90774 8381 1368 5053 0 12 472 127 0 395 0 0
1622514798 90779 8381 1368 5053 0 12 472 127 0 395 0 0
1622516997 90831 8381 1368 5053 0 12 472 127 0 395 0 0
1622519426 90836 8381 1368 5053 0 12 472 127 0 395 0 0
1622519444 90838 8381 1368 5053 0 12 472 127 0 395 0 0
1622519457 90863 8381 1368 5053 0 12 472 127 0 395 0 0
1622542087 90866 8381 1368 5053 0 12 472 127 0 395 0 0
1622542102 91001 8381 1368 5053 0 12 472 127 0 395 0 0
1622542888 91023 8381 1368 5053 0 12 472 127 0 395 0 0
1622595546 91023 8396 1368 5053 0 12 472 127 0 395 0 0
1622595571 91023 8403 1368 5053 0 12 472 127 0 395 0 0
1622611322 91064 8403 1368 5053 0 12 472 127 0 395 0 0
1622622496 91586 8403 1368 5053 0 12 472 127 0 395 0 0
1622624729 91612 8403 1368 5053 0 12 472 127 0 395 0 0
1622625653 91612 8403 1368 5053 0 12 472 127 0 395 0 0
1622625928 91617 8403 1368 5053 0 12 472 127 0 395 0 0
1622626037 91617 8406 1368 5053 0 12 472 127 0 395 0 0
1622627169 91618 8406 1368 5053 0 12 472 127 0 395 0 0
1622639769 91618 8660 1368 5053 0 12 472 127 0 395 0 0
1622706571 91628 8660 1368 5053 0 12 472 127 0 395 0 0
1622718340 91639 8660 1368 5053 0 12 472 127 0 395 0 0
1622732998 91685 8660 1368 5053 0 12 472 127 0 395 0 0
1622786759 91685 8661 1558 5053 0 12 472 127 0 395 0 0
1622852190 91685 8661 1558 5053 0 12 472 127 0 395 0 0
1622852215 91707 8661 1558 5053 0 12 472 127 0 395 0 0
1622852235 91858 8661 1558 5053 0 12 472 127 0 395 0 0
1622855294 92002 8661 1558 5053 0 12 472 127 0 395 0 0
1622855569 92003 8661 1558 5053 0 12 472 127 0 395 0 0
1622855878 92003 8661 1558 5053 0 12 472 127 0 395 0 0
1622858026 92087 8661 1558 5053 0 12 472 127 0 395 0 0
1622866658 92105 8661 1558 5053 0 12 472 127 0 395 0 0
1623033389 92111 8661 1558 5053 0 12 472 127 0 395 0 0
1623035551 92111 8661 1567 5053 0 12 472 127 0 395 0 0
1623049701 92116 8661 1567 5053 0 12 472 127 0 395 0 0
1623054595 92117 8661 1567 5053 0 12 472 127 0 395 0 0
1623061367 92117 8697 1567 5053 0 12 472 127 0 395 0 0
1623202031 92117 8697 1567 5053 0 12 472 129 0 395 0 0
1623204274 92117 8697 1567 5053 0 12 472 135 0 395 0 0
1623205336 92118 8697 1567 5053 0 12 472 135 0 395 0 0
1623211900 92120 8697 1567 5053 0 12 472 135 0 395 0 0
1623212404 92123 8697 1567 5053 0 12 472 135 0 395 0 0
1623213277 92124 8697 1567 5053 0 12 472 135 0 395 0 0
1623293118 92124 8697 1567 5053 0 12 472 158 0 395 0 0
1623379850 92150 8697 1567 5053 0 12 472 158 0 395 0 0
1623380076 92151 8697 1567 5053 0 12 472 158 0 395 0 0
1623382853 92164 8697 1567 5053 0 12 472 158 0 395 0 0
1623384688 94029 8697 1567 5053 0 12 472 158 0 395 0 0
1623397311 94029 8697 1567 5053 0 12 472 158 0 395 0 0
1623398255 94031 8697 1567 5053 0 12 472 158 0 395 0 0
1623398510 94031 8697 1567 5053 0 12 472 158 0 395 0 0
1623400210 94040 8697 1567 5053 0 12 472 158 0 395 0 0
1623403720 94122 8697 1567 5053 0 12 472 158 0 395 0 0
1623404256 94140 8697 1567 5053 0 12 472 158 0 395 0 0
1623407350 94230 8697 1567 5053 0 12 472 158 0 395 0 0
1623740135 94232 8697 1567 5053 0 12 472 158 0 395 0 0
1623740157 94232 8697 1567 5053 0 12 472 158 0 395 0 0
1623740269 94291 8697 1567 5053 0 12 472 158 0 395 0 0
1623740896 94295 8697 1567 5337 0 12 472 158 0 395 0 0
1623812912 94295 8697 1567 5337 0 12 472 158 0 395 0 0
1623815835 94386 8697 1567 5337 0 12 472 158 0 395 0 0
1623817191 94387 8697 1567 5337 0 12 472 158 0 395 0 0
1623828369 94387 9024 1567 5337 0 12 472 158 0 395 0 0
1623828378 94387 9029 1567 5337 0 12 472 158 0 395 0 0
1623828409 94387 9032 1567 5337 0 12 472 158 0 395 0 0
1623830226 94387 9032 1567 5337 0 12 472 158 0 395 0 0
1623897090 94387 9032 1567 5339 0 12 472 158 0 395 0 0
1623903802 94387 9032 1567 5377 0 12 472 158 0 395 0 0
1623933334 94387 9431 1567 5377 0 12 472 158 0 395 0 0
1623986133 94387 9432 1567 5377 0 12 472 158 0 395 0 0
1623986145 94387 9440 1567 5377 0 12 472 158 0 395 0 0
1623988505 94387 9453 1567 5377 0 12 472 158 0 395 0 0
1623990173 94399 9453 1567 5377 0 12 472 158 0 395 0 0
1624004697 94445 9453 1567 5377 0 12 472 158 0 395 0 0
1624328572 94445 9599 1567 5377 0 12 472 158 0 395 0 0
1624331554 94518 9599 1567 5377 0 12 472 158 0 395 0 0
1624332917 94518 9605 1567 5377 0 12 472 158 0 395 0 0
1624343895 94522 9605 1567 5377 0 12 472 158 0 395 0 0
1624352824 94522 9611 1567 5377 0 12 472 158 0 395 0 0
1624420108 94522 9613 1567 5377 0 12 472 158 0 395 0 0
1624442887 94523 9613 1567 5377 0 12 472 158 0 395 0 0
1624448045 94592 9613 1567 5377 0 12 472 158 0 395 0 0
1624448393 94593 9613 1567 5377 0 12 472 158 0 395 0 0
1624501080 94593 9722 1567 5377 0 12 472 158 0 395 0 0
1624502322 94593 9722 1567 5546 0 12 472 158 0 395 0 0
1624502748 94593 9722 1567 5546 0 12 472 158 0 395 0 0
1624508984 94593 9723 1580 5546 0 12 472 158 0 395 0 0
1624512523 94660 9723 1580 5546 0 12 472 158 0 395 0 0
1624521054 94660 9730 1580 5546 0 12 472 158 0 395 0 0
1624525430 94660 9730 1580 5565 0 12 472 158 0 395 0 0
1624529784 94660 9730 1586 5565 0 12 472 158 0 395 0 0
1624530536 94721 9730 1586 5565 0 12 472 158 0 395 0 0
1624534219 94770 9730 1586 5565 0 12 472 158 0 395 0 0
1624541683 94771 9730 1586 5565 0 12 472 158 0 395 0 0
1624588802 94828 9730 1586 5565 0 12 472 158 0 395 0 0
1624589532 94870 9730 1586 5565 0 12 472 158 0 395 0 0
1624590351 94875 9730 1586 5565 0 12 472 158 0 395 0 0
1624595769 94875 9730 1586 5582 0 12 472 158 0 395 0 0
1624605170 94929 9730 1586 5582 0 12 472 158 0 395 0 0
1624941769 94929 9749 1586 5582 0 12 472 158 0 395 0 0
1625014193 94929 9752 1586 5582 0 12 472 158 0 395 0 0
1625027284 94951 9752 1586 5582 0 12 472 158 0 395 0 0
1625033594 94951 9755 1586 5582 0 12 472 158 0 395 0 0
1625040198 94951 9755 1586 5784 0 12 472 158 0 395 0 0
1625046823 94951 9755 1586 5784 0 12 472 158 0 395 0 0
1625048437 94960 9809 1586 5784 0 12 472 158 0 395 0 0
1625112750 94988 9809 1586 5784 0 12 472 158 0 395 0 0
1625125469 94988 9821 1586 5784 0 12 472 158 0 395 0 0
1625194571 94996 9821 1586 5784 0 12 472 158 0 395 0 0
1625195423 94996 9945 1586 5784 0 12 472 158 0 395 0 0
1625196459 94996 9950 1586 5784 0 12 472 158 0 395 0 0
1625198297 94996 9950 1586 5784 0 12 472 158 0 395 0 0
1625276669 94997 9950 1586 5784 0 12 472 158 0 395 0 0
1625463399 94997 9950 1586 5784 0 12 473 158 0 395 0 0
1625477163 94998 9950 1586 5784 0 12 473 158 0 395 0 0
1625477502 94998 9950 1586 5785 0 12 473 158 0 395 0 0
1625539555 94998 9950 1586 5785 0 12 474 158 0 395 0 0
1625653364 94998 9950 1586 5785 0 12 493 158 0 395 0 0
1625738316 94998 9950 1586 5785 0 12 585 158 0 395 0 0
1625739114 94998 9950 1586 5785 0 12 587 158 0 395 0 0
1625739760 94998 9950 1586 5785 0 12 603 158 0 395 0 0
1625740130 94998 9950 1586 5785 0 12 603 158 0 395 0 0
1625974621 94998 9950 1586 5785 0 12 603 286 0 395 0 0
1626018250 94998 9950 1586 5785 0 12 603 291 0 395 0 0
1626075978 94998 9950 1586 5785 0 12 603 296 0 395 0 0
1626158620 94998 9950 1586 5785 0 12 604 296 0 395 0 0
1626158642 94998 9950 1586 5785 0 12 604 296 0 395 0 0
1626158695 94998 9950 1586 5785 0 12 623 296 0 395 0 0
1626161943 94998 9950 1586 5785 0 12 624 296 0 395 0 0
1626163750 94998 9950 1586 5799 0 12 624 296 0 395 0 0
1626175803 94998 9950 1586 5799 0 12 634 296 0 395 0 0
1626185077 95013 9950 1586 5799 0 12 634 296 0 395 0 0
1626185082 95064 9950 1586 5799 0 12 634 296 0 395 0 0
1626255799 95064 9950 1586 5799 0 12 646 296 0 395 0 0
1626257061 95064 9950 1586 5799 0 12 646 296 0 395 0 0
1626322203 95077 9950 1586 5799 0 12 646 296 0 395 0 0
1626324001 95142 9950 1586 5799 0 12 646 296 0 395 0 0
1626332915 95143 9950 1586 5799 0 12 646 296 0 395 0 0
1626336299 95143 9950 1586 5831 0 12 646 296 0 395 0 0
1626340443 95145 9950 1586 5831 0 12 646 296 0 395 0 0
1626405486 95148 9950 1586 5831 0 12 646 296 0 395 0 0
1626420316 95160 9950 1586 5831 0 12 646 296 0 395 0 0
1626688271 95160 9950 1586 5831 0 12 646 296 0 395 0 0
1626838583 95160 9950 1586 5831 0 12 646 296 0 395 0 15
1626920611 95164 9950 1586 5831 0 12 646 296 0 395 0 15
1626923248 95164 9952 1586 5831 0 12 646 296 0 395 0 15
1627012709 95164 9952 1586 5889 0 12 646 296 0 395 0 15
1627013567 95167 9952 1586 5889 0 12 646 296 0 395 0 15
1627024400 95167 9952 1586 5889 0 12 646 296 0 395 0 15
1627273242 95167 9952 1586 5889 0 12 646 296 0 395 0 15
1627274172 95174 9953 1586 5889 0 12 646 296 0 395 0 15
1627285563 95175 9953 1586 5889 0 12 646 296 0 395 0 15
1627288983 95181 9953 1586 5889 0 12 646 296 0 395 0 15
1627290566 95190 9953 1586 5889 0 12 646 296 0 395 0 15
1627303534 95190 9953 1749 5889 0 12 646 296 0 395 0 15
1627357459 95190 9965 1749 5889 0 12 646 296 0 395 0 15
1627359042 95190 9965 1750 5889 0 12 646 296 0 395 0 15
1627404365 95190 9965 1998 5889 0 12 646 296 0 395 0 15
1627405900 95190 9965 2000 5889 0 12 646 296 0 395 0 15
1627446370 95190 9965 2046 5889 0 12 646 296 0 395 0 15
1627449605 95190 10064 2046 5889 0 12 646 296 0 395 0 15
1627449619 95190 10190 2046 5889 0 12 646 296 0 395 0 15
1627458883 95190 10213 2046 5889 0 12 646 296 0 395 0 15
1627460647 95203 10213 2046 5889 0 12 646 296 0 395 0 15
1627463501 95244 10213 2046 5889 0 12 646 296 0 395 0 15
1627608051 95244 10213 2046 5916 0 12 646 296 0 395 0 15
1627608123 95244 10213 2046 5980 0 12 646 296 0 395 0 15
1627633029 95244 10219 2046 5980 0 12 646 296 0 395 0 15
1627633046 95244 10243 2046 5980 0 12 646 296 0 395 0 15
1627633078 95244 10255 2046 5980 0 12 646 296 0 395 0 15
1627633086 95244 10262 2046 6015 0 12 646 296 0 395 0 15
1627635789 95244 10262 2046 6015 0 12 646 296 0 395 0 15
1627866690 95244 10262 2046 6018 0 12 646 296 0 395 0 15
1627877214 95250 10262 2046 6018 0 12 646 296 0 395 0 15
1627879635 95251 10262 2046 6018 0 12 646 296 0 395 0 15
1627892285 95251 10286 2046 6018 0 12 646 296 0 395 0 15
1627892357 95251 10293 2046 6018 0 12 646 296 0 395 0 15
1627900719 95251 10293 2046 6018 0 12 646 296 0 395 0 15
1627900772 95253 10293 2046 6018 0 12 646 296 0 395 0 15
1627900838 95263 10293 2046 6018 0 12 646 296 0 395 0 15
1627900983 95270 10293 2046 6018 0 12 646 296 0 395 0 15
1627957379 95270 10299 2046 6018 0 12 646 296 0 395 0 15
1627957480 95270 10299 2046 6018 0 12 646 296 0 395 0 15
1627960842 95270 10302 2046 6018 0 12 646 296 0 395 0 15
1628228758 95270 10333 2046 6018 0 12 646 296 0 395 0 15
1628475519 95270 10336 2046 6018 0 12 646 296 0 395 0 15
1628511365 95270 10336 2062 6018 0 12 646 296 0 395 0 15
1628573103 95298 10373 2062 6018 0 12 646 296 0 395 0 15
1628580563 95315 10373 2062 6018 0 12 646 296 0 395 0 15
1628652690 95315 10396 2062 6018 0 12 646 296 0 395 0 15
1628653094 95315 10409 2062 6018 0 12 646 296 0 395 0 15
1628668028 95316 10409 2062 6018 0 12 646 296 0 395 0 15
1628674424 95345 10409 2062 6018 0 12 646 296 0 395 0 15
1628749105 95345 10409 2062 6018 1 12 646 296 0 395 0 15
1628839860 95345 10409 2118 6018 1 12 646 305 0 395 0 15
1629105048 95345 10480 2118 6018 1 12 646 305 0 395 0 15
1629108335 95345 10480 2118 6018 7 12 646 305 0 395 0 15
1629111340 95345 10480 2118 6018 11 12 646 305 0 395 0 15
1629111498 95345 10480 2118 6018 13 12 646 305 0 395 0 15
1629165655 95345 10588 2118 6018 13 12 646 305 0 395 0 15
1629165664 95345 10589 2118 6018 13 12 646 305 0 395 0 15
1629165677 95345 10656 2118 6018 13 12 646 305 0 395 0 15
1629166394 95345 10656 2118 6018 13 12 646 305 0 395 0 15
1629189970 95345 10656 2118 6018 15 12 646 305 0 395 0 15
1629191260 95345 10656 2118 6018 28 12 646 305 0 395 0 15
1629191325 95345 10656 2118 6018 30 12 646 305 0 395 0 15
1629194382 95345 10656 2118 6018 62 12 646 305 0 395 0 15
1629194958 95345 10656 2118 6018 80 12 646 305 0 395 0 15
1629271120 95345 10656 2118 6993 80 12 646 314 0 395 0 15
1629338535 95345 10656 2118 6993 80 12 646 318 0 395 0 15
1629344345 95345 10656 2179 6993 80 12 646 318 0 395 0 15
1629348149 95345 10656 2231 6993 80 12 646 318 0 395 0 15
1629350287 95345 10656 2252 6993 80 12 646 318 0 395 0 15
1629357241 95345 10656 2252 6993 80 12 646 318 0 395 0 15
1629441207 95345 10656 2252 6993 88 12 646 318 0 395 0 15
1629442954 95345 10656 2252 6993 89 12 646 318 0 395 0 15
1629700705 95345 10656 2252 6993 90 12 646 318 0 395 0 15
1629708583 95345 10656 2486 6993 90 12 646 318 0 395 0 15
1629709085 95345 10656 2486 6993 90 12 646 318 0 395 0 15
1629714398 95345 10656 2493 6993 90 12 646 318 0 395 0 15
1629714416 95345 10656 2507 6993 90 12 646 318 0 395 0 15
1629715106 95345 10656 2507 6993 90 12 646 318 0 395 0 15
1629715702 95345 10656 2507 6993 92 12 646 318 0 395 0 15
1629718756 95345 10656 2507 6993 96 12 646 318 0 395 0 15
1629724007 95345 10656 2507 6993 122 12 646 318 0 395 0 15
1629724019 95345 10656 2507 6993 477 12 646 318 0 395 0 15
1629724145 95345 10656 2507 6993 480 12 646 318 0 395 0 15
1629730869 95345 10656 2507 6993 480 12 646 318 0 395 0 15
1629734743 95345 10656 2507 6993 498 12 646 318 0 395 0 15
1629767041 95345 10656 2507 6993 499 12 646 318 0 395 0 15
1629789523 95345 10656 2531 6993 499 12 646 318 0 395 0 15
1629789728 95345 10770 2531 6993 499 12 646 318 0 395 0 15
1629793859 95345 10770 2531 6993 499 12 646 335 0 395 0 15
1629800842 95345 10770 2531 6993 500 12 646 335 0 395 0 15
1629861786 95345 10778 2531 6993 500 12 646 335 0 395 0 15
1629879500 95345 10778 2531 6995 500 12 646 335 0 395 0 15
1629958893 95345 10778 2533 6995 500 12 646 335 0 395 0 15
1629966484 95345 10972 2533 6995 500 12 646 335 0 395 0 15
1630027249 95345 11068 2533 6995 500 12 646 335 0 395 0 15
1630027271 95345 11089 2533 6995 500 12 646 335 0 395 0 15
1630063286 95345 11089 2597 6995 500 12 646 335 0 395 0 15
1630288538 95345 11114 2597 6995 500 12 646 335 0 395 0 15
1630290859 95345 11114 2597 6995 500 12 646 335 0 395 0 15
1630312552 95345 11114 2597 6995 500 12 646 335 0 395 0 15
1630392374 95345 11163 2597 6995 500 12 646 335 0 395 0 15
1630462488 95345 11163 2597 6995 502 12 646 335 0 395 0 15
1630490525 95345 11163 2605 6995 514 12 646 335 0 395 0 15
1630493718 95345 11163 2605 6995 543 12 646 335 0 395 0 15
1630494846 95345 11163 2605 7154 543 12 646 335 0 395 0 15
1630505627 95345 11163 2605 7154 544 12 646 335 0 395 0 15
1630565392 95345 11166 2605 7154 544 12 646 335 0 395 0 15
1630565414 95345 11169 2605 7154 544 12 646 335 0 395 0 15
1630565922 95345 11282 2605 7154 544 12 646 335 0 395 0 15
1630568508 95345 11282 2605 7334 544 12 646 335 0 395 0 15
1630641590 95345 11282 2605 7334 560 12 646 335 0 395 0 15
1631001698 95345 11282 2605 7334 564 12 646 335 0 395 0 15
1631004405 95345 11282 2605 7334 590 12 646 445 0 395 0 15
1631019588 95345 11282 2605 7334 590 12 646 446 0 395 0 15
1631146498 95345 11282 2632 7334 590 12 646 446 0 395 0 15
1631176373 95345 11282 2641 7334 590 12 646 446 0 395 0 15
1631190630 95345 11282 2641 7344 590 12 646 446 0 395 0 15
1631587488 95345 11468 2641 7344 590 12 646 446 0 395 0 15
1631601732 95345 11479 2641 7344 590 12 646 446 0 395 0 15
1631602402 95345 11479 2641 7344 590 12 646 446 0 395 0 15
1631606393 95345 11480 2641 7344 590 12 646 446 0 395 0 15
1631677676 95345 11480 2647 7344 590 12 646 446 0 395 0 15
1631686194 95345 11480 2647 7399 590 12 646 446 0 395 0 15
1631687595 95345 11480 2647 7405 590 12 646 446 0 395 0 15
1631688983 95345 11480 2647 7445 590 12 646 446 0 395 0 15
1631691756 95345 11480 2647 7448 590 12 646 446 0 395 0 15
1631698569 95345 11480 2647 7495 590 12 646 446 0 395 0 15
1631703195 95345 11480 2647 7513 590 12 646 446 0 395 0 15
1631935082 95345 11484 2647 7513 590 12 646 446 0 395 0 15
1632363924 95345 11484 2647 7516 590 12 646 446 0 395 0 15
1632364182 95345 11488 2647 7516 590 12 646 446 0 395 0 15
1632367434 95345 11488 2655 7516 590 12 646 446 0 395 0 15
1632368730 95345 11488 2655 7517 590 12 646 446 0 395 0 15
1632454875 95345 11488 2657 7517 590 12 646 446 0 395 0 15
1632464812 95345 11488 2665 7517 590 12 646 446 0 395 0 15
1632468929 95345 11488 2665 7517 590 12 646 446 0 395 0 15
1632469112 95345 11488 2665 7540 590 12 646 446 0 395 0 15
1632478402 95345 11488 2665 7559 590 12 646 446 0 395 0 15
1632731204 95345 11488 2665 7559 590 12 646 446 0 395 0 15
1632731290 95345 11488 2665 7607 590 12 646 446 0 395 0 15
1632964468 95345 11488 2665 7607 590 12 646 446 0 395 0 15
1633944446 95345 11488 2665 7607 590 12 646 446 0 395 0 15
1634036369 95345 11488 2892 7607 590 12 646 446 0 395 0 15
1634541363 95345 11488 3005 7607 590 12 646 446 0 395 0 15
1634570322 95345 11488 3015 7607 590 12 646 446 0 395 0 15
1634793410 95345 11488 3022 7607 590 12 646 446 0 395 0 15
1634812225 95345 11488 3026 7607 590 12 646 446 0 395 0 15
1634951681 95345 11488 3026 7607 1430 12 646 446 0 395 0 15
1634969761 95345 11488 3026 7607 1440 12 646 446 0 395 0 15
1635128202 95345 11488 3026 7607 1441 12 646 446 0 395 0 15
1635129996 95345 11488 3026 7607 1452 12 646 446 0 395 0 15
1635131413 95345 11488 3026 7607 1475 12 646 446 0 395 0 15
1635134178 95345 11488 3026 7607 1477 12 646 446 0 395 0 15
1635401511 95345 11489 3026 7607 1477 12 646 446 0 395 0 15
1635753839 95345 11489 3026 7637 1477 12 646 446 0 395 0 15
1635842602 95345 11496 3026 7637 1477 12 646 446 0 395 0 15
1636445538 95345 11497 3026 7637 1477 12 646 446 0 395 0 15
1636445677 95345 11501 3026 7637 1477 12 646 446 0 395 0 15
1636598208 95345 11565 3026 7637 1477 12 646 446 0 395 0 15
1636598249 95345 11571 3026 7637 1477 12 646 446 0 395 0 15
1636598302 95345 11589 3026 7637 1477 12 646 446 0 395 0 15
1636599332 95345 11655 3026 7637 1477 12 646 446 0 395 0 15
1636603217 95345 11656 3026 7637 1477 12 646 446 0 395 0 15
1636889190 95345 11677 3026 7637 1477 12 646 446 0 395 0 15
1637036614 95345 11677 3033 7637 1477 12 646 446 0 395 0 15
1637207621 95345 11677 3038 7637 1477 12 646 446 0 395 0 15
1637308705 95345 11677 3038 7637 1524 12 646 446 0 395 0 15
1637310742 95345 11677 3038 7637 1525 12 646 446 0 395 0 15
1637676833 95345 11677 3038 7637 1531 12 646 446 0 395 0 15
1638502778 95345 11677 3038 7637 1552 12 646 446 0 395 0 15
1638591337 95345 11677 3076 7637 1552 12 646 446 0 395 0 15
1638616134 95345 11677 3076 7637 1553 12 646 446 0 395 0 15
1638688301 95345 11677 3076 7637 1560 12 646 446 0 395 0 15
1638760844 95345 11681 3076 7637 1560 12 646 446 0 395 0 15
1638761523 95345 11683 3076 7637 1560 12 646 446 0 395 0 15
1638859662 95345 11684 3076 7637 1568 12 646 446 0 395 0 15
1638861881 95345 11832 3076 7637 1568 12 646 446 0 395 0 15
1638947412 95345 11832 3076 7637 1569 12 646 446 0 395 0 15
1638955457 95345 11832 3078 7637 1569 12 646 446 0 395 0 15
1638965123 95345 11832 3105 7637 1569 12 646 446 0 395 0 15
1638977713 95345 11832 3105 7637 1630 12 646 446 0 395 0 15
1639015625 95345 11832 3105 7637 1630 12 646 446 0 395 0 15
1639016620 95345 11832 3105 7637 1669 12 646 446 0 395 0 15
1639033324 95345 11832 3105 7637 1692 12 646 446 0 395 0 15
1639036373 95345 11832 3105 7637 1755 12 646 446 0 395 0 15
1639044312 95345 11835 3105 7637 1755 12 646 446 0 395 0 15
1639487225 95345 11835 3105 8049 1755 12 646 446 0 395 0 15
1639624372 95345 11835 3105 8049 1758 12 646 446 0 395 0 15
1639646193 95345 11835 3105 8049 1758 12 646 446 0 3051 0 15
1639646405 95345 11835 3105 8049 1774 12 646 446 0 3051 0 15
1639730451 95345 11835 3105 8049 1784 12 646 446 0 3051 0 15
1639746508 95345 11835 3105 8049 1793 12 646 446 0 3051 0 15
1639966738 95345 11835 3105 8049 1797 12 646 446 0 3051 0 15
1639968894 95345 11835 3105 8049 1805 12 646 446 0 3051 0 15
1639972107 95345 11835 3105 8049 1827 12 646 446 0 3051 0 15
1639996905 95345 11835 3119 8049 1827 12 646 446 0 3051 0 15
1640141910 95345 11835 3119 8049 1866 12 646 446 0 3051 0 15
1640665053 95345 11835 3122 8049 1866 12 646 446 0 3051 0 15
1640861765 95345 11836 3122 8049 1866 12 646 446 0 3051 0 15
1640861816 95345 11845 3122 8049 1866 12 646 446 0 3051 0 15
1640863056 95345 11845 3122 8049 1866 12 646 446 0 3051 0 15
1641361694 95345 11845 3122 8049 1866 12 646 446 0 3051 0 15
1641361713 95345 11845 3122 8049 1866 12 646 446 0 3051 0 15
1641362172 95345 11846 3122 8049 1866 12 646 446 0 3051 0 15
1641478899 95345 11846 3122 8049 1866 12 646 446 0 3051 0 15
1641479168 95345 11846 3122 8049 1866 12 646 446 0 3051 0 15
1641526063 95345 11989 3122 8049 1866 12 646 446 0 3051 0 15
1641526091 95345 11999 3122 8049 1866 12 646 446 0 3051 0 15
1641526109 95345 12007 3122 8049 1866 12 646 446 0 3051 0 15
1641526121 95345 12165 3122 8049 1866 12 646 446 0 3051 0 15
1641549579 95345 12165 3122 8049 1866 12 646 446 0 3051 0 15
1641782625 95345 12165 3122 8049 1866 12 646 446 0 3051 0 15
1641788584 95345 12165 3122 8086 1881 12 646 446 0 3051 0 15
1641880296 95345 12165 3122 8086 1975 12 646 446 0 3051 0 15
1641887100 95345 12165 3126 8086 1975 12 646 446 0 3051 0 15
1641888829 95345 12165 3141 8086 1975 12 646 446 0 3051 0 15
1641891556 95345 12175 3145 8086 1975 12 646 446 0 3051 0 15
1641976093 95345 12182 3145 8086 1975 12 646 446 0 3051 0 15
1641976486 95345 12182 3145 8086 1975 12 646 446 0 3051 0 15
1642045882 95345 12183 3145 8086 1975 12 646 446 0 3051 0 15
1642049589 95345 12183 3145 8086 1983 12 646 446 0 3051 0 15
1642066110 95345 12185 3145 8086 1983 12 646 446 0 3051 0 15
1642396072 95345 12204 3145 8086 1983 12 646 446 0 3051 0 15
1642561771 95345 12204 3149 8086 1983 12 646 446 0 3051 0 15
