1609730223 1 0 0 0 0 0 0 0 0 0 0 0 0 0
1609731120 2 0 0 0 0 0 0 0 0 0 0 0 0 0
1609731326 3 0 0 0 0 0 0 0 0 0 0 0 0 0
1609731717 4 0 0 0 0 0 0 0 0 0 0 0 0 0
1609744886 5 0 0 0 0 0 0 0 0 0 0 0 0 0
1609744939 6 0 0 0 0 0 0 0 0 0 0 0 0 0
1609745240 7 0 0 0 0 0 0 0 0 0 0 0 0 0
1609746363 8 0 0 0 0 0 0 0 0 0 0 0 0 0
1609752127 8 0 0 0 1 0 0 0 0 0 0 0 0 0
1609757760 9 0 0 0 1 0 0 0 0 0 0 0 0 0
1609758099 11 0 0 0 1 0 0 0 0 0 0 0 0 0
1609761000 11 0 0 0 1 0 0 0 0 0 1 0 0 0
1609761538 12 0 0 0 1 0 0 0 0 0 1 0 0 0
1609813754 13 0 0 0 1 0 0 0 0 0 1 0 0 0
1609820204 14 0 0 0 1 0 0 0 0 0 1 0 0 0
1609820503 15 0 0 0 1 0 0 0 0 0 1 0 0 0
1609834131 16 0 0 0 1 0 0 0 0 0 1 0 0 0
1609834339 17 0 0 0 1 0 0 0 0 0 1 0 0 0
1609842140 18 0 0 0 1 0 0 0 0 0 1 0 0 0
1609849301 19 0 0 0 1 0 0 0 0 0 1 0 0 0
1609852915 20 0 0 0 1 0 0 0 0 0 1 0 0 0
1609902655 20 0 0 0 2 0 0 0 0 0 1 0 0 0
1609998901 20 0 0 0 2 0 1 0 0 0 1 0 0 0
1610009539 24 0 0 0 3 0 1 0 0 0 1 0 0 0
1610022016 25 0 0 0 3 0 1 0 0 0 1 0 0 0
1610022819 26 0 0 0 3 0 1 0 0 0 1 0 0 0
1610023601 27 0 0 0 3 0 1 0 0 0 1 0 0 0
1610025338 28 0 0 0 3 0 1 0 0 0 1 0 0 0
1610071410 29 0 0 0 3 0 1 0 0 0 1 0 0 0
1610072479 30 0 0 0 3 0 1 0 0 0 1 0 0 0
1610072831 31 0 0 0 3 0 1 0 0 0 1 0 0 0
1610088041 32 0 0 0 3 0 1 0 0 0 1 0 0 0
1610092083 33 0 0 0 3 0 1 0 0 0 1 0 0 0
1610099840 34 0 0 0 3 0 1 0 0 0 1 0 0 0
1610114355 35 0 0 0 3 0 1 0 0 0 1 0 0 0
1610349747 36 0 0 0 3 0 1 0 0 0 1 0 0 0
1610354985 37 0 0 0 3 0 1 0 0 0 1 0 0 0
1610358130 38 0 0 0 3 0 1 0 0 0 1 0 0 0
1610360314 39 0 0 0 3 0 1 0 0 0 1 0 0 0
1610362692 40 0 0 0 3 0 1 0 0 0 1 0 0 0
1610380534 41 0 0 0 3 0 1 0 0 0 1 0 0 0
1610416447 42 0 0 0 3 0 1 0 0 0 1 0 0 0
1610416466 43 0 0 0 3 0 1 0 0 0 1 0 0 0
1610416474 44 0 0 0 3 0 1 0 0 0 1 0 0 0
1610417736 45 0 0 0 3 0 1 0 0 0 1 0 0 0
1610436451 46 0 0 0 3 0 1 0 0 0 1 0 0 0
1610438163 47 0 0 0 3 0 1 0 0 0 1 0 0 0
1610443723 48 0 0 0 3 0 1 0 0 0 1 0 0 0
1610446579 49 0 0 0 3 0 1 0 0 0 1 0 0 0
1610502849 51 0 0 0 3 0 1 0 0 0 1 0 0 0
1610511384 52 0 0 0 3 0 1 0 0 0 1 0 0 0
1610515225 53 0 0 0 3 0 1 0 0 0 1 0 0 0
1610523449 54 0 0 0 3 0 1 0 0 0 1 0 0 0
1610523502 55 0 0 0 3 0 1 0 0 0 1 0 0 0
1610550075 56 0 0 0 3 0 1 0 0 0 1 0 0 0
1610550346 57 0 0 0 3 0 1 0 0 0 1 0 0 0
1610550532 58 0 0 0 3 0 1 0 0 0 1 0 0 0
1610550818 60 0 0 0 3 0 1 0 0 0 1 0 0 0
1610550997 61 0 0 0 3 0 1 0 0 0 1 0 0 0
1610551041 62 0 0 0 3 0 1 0 0 0 1 0 0 0
1610551059 63 0 0 0 3 0 1 0 0 0 1 0 0 0
1610551095 64 0 0 0 3 0 1 0 0 0 1 0 0 0
1610551131 65 0 0 0 3 0 1 0 0 0 1 0 0 0
1610588441 66 0 0 0 3 0 1 0 0 0 1 0 0 0
1610588567 67 0 0 0 3 0 1 0 0 0 1 0 0 0
1610588896 68 0 0 0 3 0 1 0 0 0 1 0 0 0
1610591037 69 0 0 0 3 0 1 0 0 0 1 0 0 0
1610597607 70 0 0 0 3 0 1 0 0 0 1 0 0 0
1610597628 71 0 0 0 3 0 1 0 0 0 1 0 0 0
1610597924 72 0 0 0 3 0 1 0 0 0 1 0 0 0
1610608242 73 0 0 0 3 0 1 0 0 0 1 0 0 0
1610608702 74 0 0 0 3 0 1 0 0 0 1 0 0 0
1610610853 75 0 0 0 3 0 1 0 0 0 1 0 0 0
1610614152 76 0 0 0 3 0 1 0 0 0 1 0 0 0
1610614440 77 0 0 0 3 0 1 0 0 0 1 0 0 0
1610616721 78 0 0 0 3 0 1 0 0 0 1 0 0 0
1610617119 78 1 0 0 3 0 1 0 0 0 1 0 0 0
1610622660 79 1 0 0 3 0 1 0 0 0 1 0 0 0
1610637051 80 1 0 0 3 0 1 0 0 0 1 0 0 0
1610637737 81 1 0 0 3 0 1 0 0 0 1 0 0 0
1610674514 82 1 0 0 3 0 1 0 0 0 1 0 0 0
1610676742 83 1 0 0 3 0 1 0 0 0 1 0 0 0
1610676760 84 1 0 0 3 0 1 0 0 0 1 0 0 0
1610676861 85 1 0 0 3 0 1 0 0 0 1 0 0 0
1610677410 86 1 0 0 3 0 1 0 0 0 1 0 0 0
1610677451 87 1 0 0 3 0 1 0 0 0 1 0 0 0
1610687251 88 1 0 0 3 0 1 0 0 0 1 0 0 0
1610687983 89 1 0 0 3 0 1 0 0 0 1 0 0 0
1610688017 90 1 0 0 3 0 1 0 0 0 1 0 0 0
1610688103 91 1 0 0 3 0 1 0 0 0 1 0 0 0
1610688382 92 1 0 0 3 0 1 0 0 0 1 0 0 0
1610688583 93 1 0 0 3 0 1 0 0 0 1 0 0 0
1610688637 94 1 0 0 3 0 1 0 0 0 1 0 0 0
1610855899 95 1 0 0 3 0 1 0 0 0 1 0 0 0
1610856301 96 1 0 0 3 0 1 0 0 0 1 0 0 0
1610858111 97 1 0 0 3 0 1 0 0 0 1 0 0 0
1610884517 98 1 0 0 3 0 1 0 0 0 1 0 0 0
1610885841 99 1 0 0 3 0 1 0 0 0 1 0 0 0
1610886222 100 1 0 0 3 0 1 0 0 0 1 0 0 0
1610886477 101 1 0 0 3 0 1 0 0 0 1 0 0 0
1610941172 102 1 0 0 3 0 1 0 0 0 1 0 0 0
1610941280 103 1 0 0 3 0 1 0 0 0 1 0 0 0
1610947372 104 1 0 0 3 0 1 0 0 0 1 0 0 0
1610960168 104 2 0 0 3 0 1 0 0 0 1 0 0 0
1610960201 104 3 0 0 3 0 1 0 0 0 1 0 0 0
1610962466 105 3 0 0 3 0 1 0 0 0 1 0 0 0
1610972919 105 4 0 0 3 0 1 0 0 0 1 0 0 0
1611024519 105 5 1 0 3 0 1 0 0 0 1 0 0 0
1611039336 106 5 2 0 3 0 1 0 0 0 1 0 0 0
1611040216 107 5 2 0 3 0 1 0 0 0 1 0 0 0
1611041050 108 5 2 0 3 0 1 0 0 0 1 0 0 0
1611044692 109 5 2 0 3 0 1 0 0 0 1 0 0 0
1611048350 110 5 2 0 3 0 1 0 0 0 1 0 0 0
1611051174 111 5 2 0 3 0 1 0 0 0 1 0 0 0
1611051955 112 5 2 0 3 0 1 0 0 0 1 0 0 0
1611052065 113 5 2 0 3 0 1 0 0 0 1 0 0 0
1611052142 114 5 2 0 3 0 1 0 0 0 1 0 0 0
1611052181 115 5 2 0 3 0 1 0 0 0 1 0 0 0
1611052264 116 5 2 0 3 0 1 0 0 0 1 0 0 0
1611107568 118 5 2 0 3 0 1 0 0 0 1 0 0 0
1611110440 119 5 2 0 3 0 1 0 0 0 1 0 0 0
1611110590 120 5 2 0 3 0 1 0 0 0 1 0 0 0
1611113574 121 5 2 0 3 0 1 0 0 0 1 0 0 0
1611113707 122 5 2 0 3 0 1 0 0 0 1 0 0 0
1611113781 123 5 2 0 3 0 1 0 0 0 1 0 0 0
1611113956 124 5 2 0 3 0 1 0 0 0 1 0 0 0
1611127939 125 5 2 0 3 0 1 0 0 0 1 0 0 0
1611213468 126 5 2 0 3 0 1 0 0 0 1 0 0 0
1611222474 126 5 2 0 3 0 1 0 0 0 2 0 0 0
1611303923 127 5 2 0 3 0 1 0 0 0 2 0 0 0
1611304274 128 5 2 0 3 0 1 0 0 0 2 0 0 0
1611304496 129 5 2 0 3 0 1 0 0 0 2 0 0 0
1611329323 130 5 2 0 3 0 1 0 0 0 2 0 0 0
1611556058 131 5 2 0 3 0 2 0 0 0 2 0 0 0
1611648950 132 5 2 0 3 0 2 0 0 0 2 0 0 0
1611649081 133 5 2 0 3 0 2 0 0 0 2 0 0 0
1611660129 134 5 2 0 3 0 2 0 0 0 2 0 0 0
1611662390 135 5 2 0 3 0 2 0 0 0 2 0 0 0
1611662415 136 5 2 0 3 0 2 0 0 0 2 0 0 0
1611711290 136 5 2 0 4 0 2 0 0 0 2 0 0 0
1611718474 138 6 2 0 4 0 2 0 0 0 2 0 0 0
1611754095 139 6 2 0 4 0 2 0 0 0 2 0 0 0
1611806828 140 6 2 0 4 0 2 0 0 0 2 0 0 0
1611806879 141 6 2 0 4 0 2 0 0 0 2 0 0 0
1611807055 142 6 2 0 4 0 2 0 0 0 2 0 0 0
1611826183 142 6 2 0 4 0 3 0 0 0 2 0 0 0
1611889009 143 6 2 0 4 0 3 0 0 0 2 0 0 0
1611889324 144 6 2 0 4 0 3 0 0 0 2 0 0 0
1611891671 144 6 2 0 4 0 4 0 0 0 2 0 0 0
1611903408 144 7 2 0 4 0 4 0 0 0 2 0 0 0
1612145838 145 7 2 0 4 0 4 0 0 0 2 0 0 0
1612148101 146 7 2 0 4 0 4 0 0 0 2 0 0 0
1612179279 147 7 2 0 4 0 4 0 0 0 2 0 0 0
1612180215 148 7 2 0 4 0 4 0 0 0 2 0 0 0
1612181272 149 7 2 0 4 0 4 0 0 0 2 0 0 0
1612243992 149 7 3 0 4 0 4 0 0 0 2 0 0 0
1612257780 150 7 3 0 4 0 4 0 0 0 2 0 0 0
1612344570 151 7 3 0 4 0 4 0 0 0 2 0 0 0
1612348516 152 8 3 0 4 0 4 0 0 0 2 0 0 0
1612351952 152 9 3 0 4 0 4 0 0 0 2 0 0 0
1612357939 152 9 3 0 4 0 4 0 1 0 2 0 0 0
1612359221 152 9 3 0 4 0 4 0 2 0 2 0 0 0
1612360447 152 9 3 0 4 0 4 0 3 0 2 0 0 0
1612361807 152 9 3 0 4 0 4 0 4 0 2 0 0 0
1612523736 152 9 3 0 5 0 4 0 4 0 2 0 0 0
1612615626 153 9 3 0 5 0 4 0 4 0 2 0 0 0
1612669226 154 9 3 0 5 0 4 0 4 0 2 0 0 0
1612671758 155 9 3 0 5 0 4 0 4 0 2 0 0 0
1612675719 156 9 3 0 5 0 4 0 4 0 2 0 0 0
1612695190 157 9 3 0 5 0 4 0 4 0 2 0 0 0
1612706115 158 9 3 0 5 0 4 0 4 0 2 0 0 0
1612706275 159 9 3 0 5 0 4 0 4 0 2 0 0 0
1612750103 160 9 3 0 5 0 4 0 4 0 2 0 0 0
1612755751 161 9 3 0 5 0 4 0 4 0 2 0 0 0
1613724270 162 9 3 0 5 0 4 0 4 0 2 0 0 0
1613724282 163 9 3 0 5 0 4 0 4 0 2 0 0 0
1613988668 163 10 3 0 5 0 4 0 4 0 2 0 0 0
1613990323 164 10 3 0 5 0 4 0 4 0 2 0 0 0
1613991137 166 11 3 0 5 0 4 0 4 0 2 0 0 0
1614053634 167 11 3 0 5 0 4 0 4 0 2 0 0 0
1614059949 168 11 3 0 5 0 4 0 4 0 2 0 0 0
1614138293 169 12 3 0 5 0 4 0 4 0 2 0 0 0
1614141613 170 13 3 0 5 0 4 0 4 0 2 0 0 0
1614155329 171 13 3 0 5 0 4 0 4 0 2 0 0 0
1614155447 172 13 3 0 5 0 4 0 4 0 2 0 0 0
1614158275 173 13 3 0 5 0 4 0 4 0 2 0 0 0
1614159459 174 13 3 0 5 0 4 0 4 0 2 0 0 0
1614159480 175 13 3 0 5 0 4 0 4 0 2 0 0 0
1614173508 176 13 3 0 5 0 4 0 4 0 2 0 0 0
1614221229 176 13 4 0 5 0 4 0 4 0 2 0 0 0
1614222563 176 15 4 0 5 0 4 1 4 0 2 0 0 0
1614253135 178 15 4 0 5 0 4 1 4 0 2 0 0 0
1614308342 179 15 4 0 5 0 4 1 4 0 2 0 0 0
1614308366 181 15 4 0 5 0 4 1 4 0 2 0 0 0
1614573111 181 16 4 0 5 0 4 1 4 0 2 0 0 0
1614574459 181 17 4 0 5 0 4 1 4 0 2 0 0 0
1614592534 182 17 4 0 5 0 4 1 4 0 2 0 0 0
1614595362 183 17 4 0 5 0 4 1 4 0 2 0 0 0
1614597308 184 17 4 0 5 0 4 1 4 0 2 0 0 0
1614603962 185 17 4 0 5 0 4 1 4 0 2 0 0 0
1614654685 185 18 4 0 5 0 4 1 4 0 2 0 0 0
1614656550 186 18 5 0 5 0 4 1 4 0 2 0 0 0
1614678011 186 18 6 0 5 0 4 1 4 0 2 0 0 0
1614678683 187 18 6 0 5 0 4 1 4 0 2 0 0 0
1614679657 187 18 6 0 5 0 4 2 4 0 2 0 0 0
1614684145 190 18 7 0 5 0 4 2 4 0 2 0 0 0
1614689148 191 18 7 0 5 0 4 2 4 0 2 0 0 0
1614830824 192 18 7 0 5 0 4 2 4 0 2 0 0 0
1615188211 192 19 7 0 5 0 4 2 4 0 2 0 0 0
1615189196 193 19 7 0 5 0 4 2 4 0 2 0 0 0
1615190562 194 20 7 0 5 0 4 2 4 0 2 0 0 0
1615256382 194 20 12 0 6 0 4 2 4 0 2 0 0 0
1615258037 194 20 13 0 6 0 4 2 4 0 2 0 0 0
1615258055 194 20 14 0 6 0 4 2 4 0 2 0 0 0
1615265043 194 20 15 0 6 0 4 2 4 0 2 0 0 0
1615265905 194 20 16 0 6 0 4 2 4 0 2 0 0 0
1615265925 194 20 17 0 6 0 4 2 4 0 2 0 0 0
1615269113 194 20 18 0 6 0 4 2 4 0 2 0 0 0
1615275802 195 20 18 0 6 4 4 2 4 0 2 0 0 0
1615276582 195 20 18 0 6 5 4 2 4 0 2 0 0 0
1615276681 195 20 18 0 6 6 4 2 4 0 2 0 0 0
1615276755 195 20 18 0 6 7 4 2 4 0 2 0 0 0
1615276968 195 20 18 0 6 8 4 2 4 0 2 0 0 0
1615277427 195 20 18 0 6 9 4 2 4 0 2 0 0 0
1615277817 195 20 18 0 6 10 4 2 4 0 2 0 0 0
1615277918 195 20 18 0 6 11 4 2 4 0 2 0 0 0
1615303439 195 20 19 0 6 11 4 2 4 0 2 0 0 0
1615342659 195 20 20 0 6 11 4 2 4 0 2 0 0 0
1615342851 195 20 21 0 6 11 4 2 4 0 2 0 0 0
1615357360 195 20 22 0 6 11 4 2 4 0 2 0 0 0
1615359231 195 20 22 0 6 12 4 2 4 0 2 0 0 0
1615360276 195 20 23 0 6 12 4 2 4 0 2 0 0 0
1615371108 195 20 24 0 6 12 4 2 4 0 2 0 0 0
1615386308 195 20 25 0 6 12 4 2 4 0 2 0 0 0
1615386905 195 20 26 0 6 12 4 2 4 0 2 0 0 0
1615455569 196 20 27 0 6 12 4 2 4 0 2 0 0 0
1615463420 196 20 27 0 6 13 4 2 4 0 2 0 0 0
1615556858 196 20 27 0 6 13 4 2 5 0 2 0 0 0
1615558340 196 20 27 0 6 13 4 2 6 0 2 0 0 0
1615562456 196 20 27 0 6 13 4 2 7 0 2 0 0 0
1615648335 196 20 28 0 6 13 4 2 7 0 2 0 0 0
1615693931 196 20 29 0 6 13 4 2 7 0 2 0 0 0
1615693970 196 20 30 0 6 13 4 2 7 0 2 0 0 0
1615697583 196 20 31 0 6 13 4 2 7 0 2 0 0 0
1615775929 197 20 31 0 6 13 4 2 7 0 2 0 0 0
1615776261 198 20 31 0 6 13 4 2 7 0 2 0 0 0
1615863725 199 20 31 0 6 13 4 2 7 0 2 0 0 0
1615863894 200 20 31 0 6 13 4 2 7 0 2 0 0 0
1615864476 200 20 31 0 6 13 4 2 8 0 2 0 0 0
1615866588 201 20 31 0 6 13 4 2 9 0 2 0 0 0
1615868098 201 20 32 0 6 13 4 2 9 0 2 0 0 0
1615870587 201 20 33 0 6 13 4 2 9 0 2 0 0 0
1615872660 201 20 33 0 6 13 4 3 9 0 2 0 0 0
1615883164 201 20 33 0 6 14 4 3 9 0 2 0 0 0
1615894363 202 20 33 0 6 14 4 3 10 0 2 0 0 0
1615968696 202 21 33 0 6 14 4 3 10 0 2 0 0 0
1615973897 202 22 33 0 6 14 4 3 10 0 2 0 0 0
1616033790 202 22 33 0 6 15 4 3 10 0 2 0 0 0
1616145460 202 22 33 0 6 15 4 3 10 1 2 0 0 0
1616152477 202 22 33 0 6 16 4 3 10 1 2 0 0 0
1616152503 202 22 33 0 6 17 4 3 10 1 2 0 0 0
1616383660 203 22 33 0 6 17 4 3 10 1 2 0 0 0
1616384308 203 22 33 0 6 18 4 3 10 1 2 0 0 0
1616386331 204 22 33 0 6 18 4 3 10 1 2 0 0 0
1616392399 205 22 33 0 6 18 4 3 10 1 2 0 0 0
1616401379 206 22 33 0 6 18 4 3 10 1 2 0 0 0
1616401495 207 22 33 0 6 18 4 3 10 1 2 0 0 0
1616401519 208 22 33 0 6 18 4 3 10 1 2 0 0 0
1616401746 209 22 33 0 6 18 4 3 10 1 2 0 0 0
1616405050 210 22 33 0 6 18 4 3 10 1 2 0 0 0
1616407402 211 22 33 0 6 18 4 3 10 1 2 0 0 0
1616414134 212 22 33 0 6 18 4 3 10 1 2 0 0 0
1616414801 213 22 33 0 6 18 4 3 10 1 2 0 0 0
1616475944 214 22 33 0 6 18 4 3 10 1 2 0 0 0
1616554621 215 22 33 0 6 18 4 3 10 1 2 0 0 0
1616578896 216 22 33 0 6 21 4 3 10 1 2 0 0 0
1616579623 216 22 33 0 6 22 4 3 10 1 2 0 0 0
1616581380 216 22 33 0 6 23 4 3 10 1 2 0 0 0
1616583399 216 26 33 0 6 24 4 3 10 1 2 0 0 0
1616744655 216 27 33 0 6 25 4 3 10 1 2 0 0 0
1616763384 221 27 33 0 6 25 4 3 10 1 2 0 0 0
1616899729 222 27 33 0 6 25 4 3 10 1 2 0 0 0
1616903957 223 27 33 0 6 25 4 3 10 1 2 0 0 0
1616904003 224 27 33 0 6 25 4 3 12 1 2 0 0 0
1617002711 224 28 33 0 6 25 4 3 12 1 2 0 0 0
1617008300 224 29 33 0 6 25 4 3 12 1 2 0 0 0
1617011998 225 31 33 0 6 25 4 3 12 1 2 0 0 0
1617015064 225 32 33 0 6 25 4 3 12 1 2 0 0 0
1617016493 226 32 33 0 6 25 4 3 12 1 2 0 0 0
1617077113 226 32 33 0 7 26 4 3 12 1 2 0 0 0
1617101512 227 32 33 0 7 26 4 3 12 1 2 0 0 0
1617101569 228 32 33 0 7 26 4 3 12 1 2 0 0 0
1617102176 229 32 33 0 7 26 4 3 12 1 2 0 0 0
1617113153 230 32 33 0 7 26 4 3 12 1 2 0 0 0
1617114318 231 32 33 0 7 26 4 3 12 1 2 0 0 0
1617163856 232 32 33 0 7 26 4 3 12 1 2 0 0 0
1617163962 233 32 33 0 7 26 4 3 12 1 2 0 0 0
1617173922 234 32 33 0 7 26 4 3 12 1 2 0 0 0
1617175992 235 32 33 0 7 26 4 3 12 1 2 0 0 0
1617183091 236 32 33 0 7 26 4 3 12 1 2 0 0 0
1617183481 237 32 33 0 7 26 4 3 12 1 2 0 0 0
1617183748 238 32 33 0 7 26 4 3 12 1 2 0 0 0
1617197466 238 32 33 0 8 26 4 3 12 1 2 0 0 0
1617236093 238 32 33 0 9 26 4 3 12 1 2 0 0 0
1617246259 239 32 33 0 9 26 4 3 12 1 2 0 0 0
1617263468 240 32 33 0 9 26 4 3 12 1 2 0 0 0
1617264571 241 32 33 0 9 26 4 3 12 1 2 0 0 0
1617264976 242 32 33 0 9 26 4 3 12 1 2 0 0 0
1617265463 243 35 33 0 9 26 4 3 12 1 2 0 0 0
1617268963 244 35 33 0 10 26 4 3 12 1 2 0 0 0
1617345108 244 35 33 0 11 26 4 3 12 1 2 0 0 0
1617346403 244 35 33 0 12 26 4 3 12 1 2 0 0 0
1617346443 244 35 33 0 13 26 4 3 12 1 2 0 0 0
1617349284 245 35 33 0 13 26 4 3 12 1 2 0 0 0
1617409760 245 35 33 0 13 26 4 3 12 1 3 0 0 0
1617672870 245 35 33 0 14 26 4 3 12 1 3 0 0 0
1617764082 245 36 33 0 14 26 4 3 12 1 3 0 0 0
1617764274 246 37 33 0 14 26 4 3 12 1 3 0 0 0
1617781659 246 37 33 0 14 27 4 3 12 1 3 0 0 0
1617784566 247 37 33 0 14 27 4 3 12 1 3 0 0 0
1617794931 247 37 33 0 15 27 4 3 12 1 3 0 1 0
1617843663 247 37 33 0 16 27 4 3 12 1 3 0 1 0
1617852353 247 37 33 0 16 28 4 3 12 1 3 0 1 0
1617853103 247 37 33 0 16 29 4 3 12 1 3 0 1 0
1617855429 254 37 33 0 16 29 4 3 12 1 3 0 1 0
1617875102 255 37 33 0 16 29 4 3 12 1 3 0 1 0
1617879132 255 37 33 0 17 29 5 3 12 1 3 0 1 0
1617928324 255 37 33 0 18 29 5 3 12 1 3 0 1 0
1617936692 256 37 33 0 18 29 5 3 12 1 3 0 1 0
1618371768 257 37 33 0 18 29 5 3 12 1 3 0 1 0
1618382822 257 37 33 0 18 30 5 3 12 1 3 0 1 0
1618392818 257 37 33 0 19 30 5 3 12 1 3 0 1 0
1618449897 257 37 33 0 20 30 5 3 12 1 3 0 1 0
1618457114 257 37 33 0 21 30 5 3 12 1 3 0 1 0
1618471061 257 37 33 0 21 31 5 3 12 1 3 0 1 0
1618472601 258 37 33 0 21 31 6 3 12 1 3 0 1 0
1618479841 259 37 33 0 21 31 6 3 12 1 3 0 1 0
1618481962 259 37 33 0 21 31 7 3 12 1 3 0 1 0
1618481987 259 37 33 0 21 31 8 3 12 1 3 0 1 0
1618482825 259 38 33 0 21 31 8 3 12 1 3 0 1 0
1618568978 259 38 33 0 21 31 9 3 12 1 3 0 1 0
1618821162 259 38 33 0 21 31 10 3 12 1 3 0 1 0
1618926710 266 38 33 0 22 31 10 3 12 1 3 0 1 0
1618981073 267 38 33 0 22 31 10 3 12 1 3 0 1 0
1618981593 268 38 33 0 22 31 10 3 12 1 3 0 1 0
1619053179 269 38 33 0 22 31 10 3 12 1 3 0 1 0
1619073519 269 38 33 0 23 31 10 3 12 1 3 0 1 0
1619078547 270 38 33 0 23 31 10 3 12 1 3 0 1 0
1619085134 271 38 33 0 23 31 10 3 12 1 3 0 1 0
1619145755 271 38 33 0 23 31 11 3 12 1 3 0 1 0
1619151927 271 38 33 0 23 31 12 3 12 1 3 0 1 0
1619152050 271 38 33 0 23 31 13 3 12 1 3 0 1 0
1619153750 271 38 33 0 23 31 14 3 12 1 3 0 1 0
1619155846 271 38 33 0 23 31 15 3 12 1 3 0 1 0
1619156001 271 38 33 0 23 31 16 3 12 1 3 0 1 0
1619170643 272 38 33 0 23 31 16 3 12 1 3 0 1 0
1619171800 273 38 33 0 23 31 16 3 12 1 3 0 1 0
1619171828 274 38 33 0 23 31 16 3 12 1 3 0 1 0
1619403005 275 38 33 0 23 31 16 3 12 1 3 0 1 0
1619431676 275 38 34 0 23 31 16 3 12 1 3 0 1 0
1619512335 276 38 34 0 23 31 16 3 12 1 3 0 1 0
1619512644 277 38 34 0 23 31 16 3 12 1 3 0 1 0
1619515744 277 38 34 0 23 32 16 3 12 1 3 0 1 0
1619520166 277 38 34 0 23 33 16 3 12 1 3 0 1 0
1619579217 278 38 34 0 23 34 16 3 12 1 3 0 1 0
1619622060 279 38 34 0 23 34 16 3 12 1 3 0 1 0
1619695558 280 38 34 0 23 34 16 3 12 1 3 0 1 0
1619881429 281 38 34 0 23 34 16 3 12 1 3 0 1 0
1620266989 282 38 34 0 23 34 16 3 12 1 3 0 1 0
1620293015 283 38 34 0 23 34 16 3 12 1 3 0 1 0
1620293032 284 38 34 0 23 34 16 3 12 1 3 0 1 0
1620293045 285 38 34 0 23 34 16 3 12 1 3 0 1 0
1620401244 286 38 34 0 23 34 16 3 12 1 3 0 1 0
1620403470 287 38 34 0 23 34 16 3 12 1 3 0 1 0
1620436557 288 38 34 0 23 34 16 3 12 1 3 0 1 0
1620436856 289 38 34 0 23 34 16 3 12 1 3 0 1 0
1620437608 290 38 34 0 23 34 16 3 12 1 3 0 1 0
1620447324 291 38 34 0 23 34 16 3 12 1 3 0 1 0
1620631650 292 38 34 0 23 34 16 3 12 1 3 0 1 0
1620643286 293 38 34 0 23 34 16 3 12 1 3 0 1 0
1620656418 294 38 34 0 23 34 16 3 12 1 3 0 1 0
1620656726 295 38 34 0 23 34 16 3 12 1 3 0 1 0
1620664197 296 38 34 0 23 34 16 3 12 1 3 0 1 0
1620702030 297 38 34 0 23 34 16 3 12 1 3 0 1 0
1620722363 298 38 34 0 23 34 16 3 12 1 3 0 1 0
1620785342 299 38 34 0 24 34 16 3 12 1 3 0 1 0
1620803447 299 38 34 0 25 34 16 3 12 1 3 0 1 0
1620804115 302 38 34 0 26 34 16 3 12 1 3 0 1 0
1620873275 303 38 34 0 26 34 16 3 12 1 3 0 1 0
1620874596 304 38 34 0 26 34 16 3 12 1 3 0 1 0
1620876767 305 38 34 0 26 34 16 3 12 1 3 0 1 0
1620876875 306 38 34 0 26 34 16 3 12 1 3 0 1 0
1620891011 307 38 34 0 26 34 16 3 12 1 3 0 1 0
1620894639 309 38 34 0 26 34 16 3 12 1 3 0 1 0
1620903759 309 38 34 0 26 34 20 3 12 1 3 0 1 0
1620960278 309 38 35 0 26 34 20 3 12 1 3 0 1 0
1620964264 309 38 35 0 26 34 21 3 12 1 3 0 1 0
1620964524 310 38 35 0 26 34 22 3 12 1 3 0 1 0
1620965366 311 38 35 0 26 34 22 3 12 1 3 0 1 0
1620977712 312 38 35 0 26 34 22 3 12 1 3 0 1 0
1620978814 312 38 36 0 26 34 22 3 12 1 3 0 1 0
1620980257 313 38 36 0 26 34 22 3 12 1 3 0 1 0
1620983724 314 38 36 0 26 34 22 3 12 1 3 0 1 0
1620984953 315 38 36 0 26 34 22 3 12 1 3 0 1 0
1620991539 316 38 37 0 26 34 22 3 12 1 3 0 1 0
1621044658 317 38 37 0 26 34 22 3 12 1 3 0 1 0
1621046766 318 38 37 0 26 34 22 3 12 1 3 0 1 0
1621138922 319 38 37 0 26 34 22 3 12 1 3 0 1 0
1621142435 320 38 37 0 26 34 22 3 12 1 3 0 1 0
1621262999 320 38 38 0 26 34 22 3 12 1 3 0 1 0
1621408020 320 38 38 0 26 34 23 3 12 1 3 0 1 0
1621414027 320 38 38 0 26 34 24 3 12 1 3 0 1 0
1621419767 320 38 38 0 26 34 25 3 12 1 3 0 1 0
1621423688 320 38 38 0 26 34 26 3 12 1 3 0 1 0
1621567701 321 38 38 0 26 34 26 3 12 1 3 0 1 0
1621581546 322 38 38 0 26 34 26 3 12 1 3 0 1 0
1621587319 323 38 38 0 26 35 26 3 12 1 3 0 1 0
1621912186 324 38 38 0 26 35 26 3 12 1 3 0 1 0
1621913336 325 38 38 0 26 35 26 3 12 1 3 0 1 0
1621930172 326 38 38 0 26 35 26 3 12 1 3 0 1 0
1621934271 327 38 38 0 26 35 26 3 12 1 3 0 1 0
1621938491 328 38 38 0 26 35 26 3 12 1 3 0 1 0
1621939941 329 38 38 0 26 35 26 3 12 1 3 0 1 0
1621940744 330 38 38 0 26 35 26 3 12 1 3 0 1 0
1621955144 331 38 38 0 26 35 26 3 12 1 3 0 1 0
1622006162 332 38 38 0 26 35 26 3 12 1 3 0 1 0
1622013017 333 38 38 0 26 35 26 3 12 1 3 0 1 0
1622020844 333 38 39 0 26 35 26 3 12 1 3 0 1 0
1622038643 334 38 39 0 26 35 26 3 12 1 3 0 1 0
1622082047 335 38 39 0 26 35 26 3 12 1 3 0 1 0
1622093229 335 38 40 0 26 35 26 3 12 1 3 0 1 0
1622102268 335 39 40 0 26 35 26 3 12 1 3 0 1 0
1622104337 336 39 40 0 26 35 26 3 12 1 3 0 1 0
1622124452 337 39 40 0 26 35 26 3 12 1 3 0 1 0
1622173226 338 39 40 0 26 35 26 3 12 1 3 0 1 0
1622195121 339 39 40 0 26 35 26 3 12 1 3 0 1 0
1622195180 340 39 40 0 26 35 26 3 12 1 3 0 1 0
1622201826 341 39 40 0 26 35 26 3 12 1 3 0 1 0
1622250581 342 39 40 0 26 35 26 3 12 1 3 0 1 0
1622250686 343 39 40 0 26 35 26 3 12 1 3 0 1 0
1622252106 344 39 40 0 26 35 26 3 12 1 3 0 1 0
1622252290 345 39 40 0 26 35 26 3 12 1 3 0 1 0
1622255980 346 39 40 0 26 35 26 3 12 1 3 0 1 0
1622256988 347 39 40 0 26 35 26 3 12 1 3 0 1 0
1622257797 348 39 40 0 26 35 26 3 12 1 3 0 1 0
1622258015 349 39 40 0 26 35 26 3 12 1 3 0 1 0
1622262212 349 39 40 0 27 35 26 3 12 1 3 0 1 0
1622272807 351 39 40 0 27 35 26 3 12 1 3 0 1 0
1622276524 352 39 40 0 27 35 26 3 12 1 3 0 1 0
1622276593 353 39 40 0 27 35 26 3 12 1 3 0 1 0
1622277008 354 39 40 0 27 35 26 3 12 1 3 0 1 0
1622277166 355 39 40 0 27 35 26 3 12 1 3 0 1 0
1622279664 356 39 40 0 27 35 26 3 12 1 3 0 1 0
1622297104 357 39 40 0 27 35 26 3 12 1 3 0 1 0
1622350680 357 39 41 0 27 35 26 3 12 1 3 0 1 0
1622384199 357 40 41 0 27 35 26 3 12 1 3 0 1 0
1622393131 357 40 42 0 27 35 26 3 12 1 3 0 1 0
1622427909 357 41 42 0 27 35 26 3 12 1 3 0 1 0
1622430922 357 41 43 0 27 35 26 3 12 1 3 0 1 0
1622434726 357 41 44 0 27 35 26 3 12 1 3 0 1 0
1622435435 357 41 44 0 27 35 26 4 12 1 3 0 1 0
1622444794 358 41 44 0 27 35 26 4 12 1 3 0 1 0
1622446896 359 41 44 0 27 35 26 4 12 1 3 0 1 0
1622448510 360 41 44 0 27 35 26 4 12 1 3 0 1 0
1622473096 361 41 45 0 27 35 26 4 12 1 3 0 1 0
1622516613 362 41 45 0 27 35 26 4 12 1 3 0 1 0
1622534778 363 41 45 0 27 35 26 4 12 1 3 0 1 0
1622539846 363 41 46 0 27 35 26 4 12 1 3 0 1 0
1622540544 364 41 46 0 27 35 26 4 12 1 3 0 1 0
1622542352 364 41 46 0 27 35 26 5 12 1 3 0 1 0
1622542808 365 41 46 0 27 35 26 5 12 1 3 0 1 0
1622543499 366 41 46 0 27 35 26 5 12 1 3 0 1 0
1622553474 366 41 46 0 28 35 26 5 12 1 3 0 1 0
1622557868 366 41 47 0 28 35 26 5 12 1 3 0 1 0
1622561623 366 41 48 0 28 35 26 5 12 1 3 0 1 0
1622565088 366 41 49 0 28 35 26 5 12 1 3 0 1 0
1622603743 366 42 49 0 28 35 26 5 12 1 3 0 1 0
1622605760 366 42 50 0 28 35 26 5 12 1 3 0 1 0
1622617154 366 43 50 0 28 35 26 5 12 1 3 0 1 0
1622625850 366 44 50 0 28 35 26 5 12 1 3 0 1 0
1622626513 366 45 50 0 28 35 26 5 12 1 3 0 1 0
1622627706 366 46 50 0 28 35 26 5 12 1 3 0 1 0
1622630969 366 47 51 0 28 35 26 5 12 1 3 0 1 0
1622636756 366 47 52 0 28 35 26 5 12 1 3 0 1 0
1622647777 366 47 53 0 28 35 26 5 12 1 3 0 1 0
1622687795 367 47 54 0 28 35 26 5 12 1 3 0 1 0
1622696114 367 48 54 0 28 35 26 5 12 1 3 0 1 0
1622703640 367 48 54 0 28 35 26 5 12 2 3 0 1 0
1622706532 368 48 54 0 28 35 26 5 12 2 3 0 1 0
1622706774 369 48 54 0 28 35 26 5 12 2 3 0 1 0
1622709774 369 48 55 0 28 35 26 5 12 2 3 0 1 0
1622712992 370 48 55 0 28 35 26 5 12 2 3 0 1 0
1622715700 371 48 55 0 28 35 26 5 12 2 3 0 1 0
1622715709 372 48 55 0 28 35 26 5 12 2 3 0 1 0
1622735860 373 48 55 0 28 35 26 5 12 2 3 0 1 0
1622807310 374 48 55 0 28 35 26 5 12 2 3 0 1 0
1622811577 375 48 55 0 28 35 26 5 12 2 3 0 1 0
1622811740 376 48 55 0 28 35 26 5 12 2 3 0 1 0
1622817502 377 48 55 0 28 35 26 5 12 2 3 0 1 0
1622860351 378 48 55 0 28 35 26 5 12 2 3 0 1 0
1622885063 379 48 55 0 28 35 26 5 12 2 3 0 1 0
1622903026 380 48 55 0 28 35 26 5 12 2 3 0 1 0
1622990861 380 48 56 0 30 35 26 5 12 2 3 0 1 0
1623030532 380 48 56 0 31 35 26 5 12 2 3 0 1 0
1623042326 380 49 56 0 31 35 26 5 12 2 3 0 1 0
1623050610 380 49 57 0 31 35 26 5 12 2 3 0 1 0
1623052663 382 49 57 0 32 35 26 5 12 2 3 0 1 0
1623059607 383 49 57 0 32 35 26 5 12 2 3 0 1 0
1623059857 384 49 57 0 32 35 26 5 12 2 3 0 1 0
1623060386 385 49 57 0 32 35 26 5 12 2 3 0 1 0
1623060409 386 49 57 0 32 35 26 5 12 2 3 0 1 0
1623060533 387 49 57 0 32 35 26 5 12 2 3 0 1 0
1623061406 387 49 57 0 33 35 26 5 12 2 3 0 1 0
1623070066 388 49 58 0 33 35 26 5 12 2 3 0 1 0
1623076187 389 49 58 0 33 35 26 5 12 2 3 0 1 0
1623077024 389 49 58 0 34 35 26 5 12 2 3 0 1 0
1623148621 390 49 58 0 35 35 26 5 12 2 3 0 1 0
1623155601 390 49 58 0 36 35 26 5 12 2 3 0 1 0
1623156631 390 49 58 0 37 35 26 5 12 2 3 0 1 0
1623197151 390 49 58 0 38 35 26 5 12 2 3 0 1 0
1623201261 391 49 58 0 38 35 26 5 12 2 3 0 1 0
1623211750 391 49 59 0 38 35 26 5 12 2 3 0 1 0
1623224093 391 49 60 0 38 35 26 5 12 2 3 0 1 0
1623236583 391 50 60 0 38 35 26 5 12 2 3 0 1 0
1623246056 391 51 60 0 38 35 26 5 12 2 3 0 1 0
1623246147 393 52 60 0 38 35 26 5 12 2 3 0 1 0
1623297042 393 52 60 0 38 36 26 5 12 2 3 0 1 0
1623299612 394 52 60 0 38 36 26 5 12 2 3 0 1 0
1623311777 395 52 60 0 38 36 26 5 12 2 3 0 1 0
1623313110 395 52 60 0 39 36 26 5 12 2 3 0 1 0
1623316087 395 52 60 0 40 36 26 5 12 2 3 0 1 0
1623335160 395 52 61 0 40 36 26 5 12 2 3 0 1 0
1623335843 395 52 61 0 40 36 26 6 12 2 3 0 1 0
1623394045 395 52 62 0 40 36 26 6 12 2 3 0 1 0
1623394214 395 52 63 0 40 36 26 6 12 2 3 0 1 0
1623416862 395 52 64 0 40 36 26 6 12 2 3 0 1 0
1623419819 395 52 65 0 40 36 26 6 12 2 3 0 1 0
1623420505 395 52 65 0 40 36 26 7 12 2 3 0 1 0
1623422540 395 52 65 0 41 36 26 7 12 2 3 0 1 0
1623456794 395 52 65 0 41 36 26 7 12 2 4 0 1 0
1623726458 395 52 65 0 42 36 26 7 12 2 4 0 1 0
1623748373 396 52 65 0 42 37 26 7 12 2 4 0 1 0
1623753484 396 52 65 0 42 38 26 7 12 2 4 0 1 0
1623756064 396 52 66 0 42 38 26 7 12 2 4 0 1 0
1623813934 397 52 66 0 42 38 26 7 12 2 4 0 1 0
1623814663 398 52 66 0 42 38 26 7 12 2 4 0 1 0
1623815176 399 52 66 0 42 38 26 7 12 2 4 0 1 0
1623815324 400 52 66 0 42 38 26 7 12 2 4 0 1 0
1623815533 401 52 66 0 42 38 26 7 12 2 4 0 1 0
1623816591 402 52 66 0 42 38 26 7 12 2 4 0 1 0
1623817499 403 52 66 0 42 38 26 7 12 2 4 0 1 0
1623817530 404 52 66 0 42 38 26 7 12 2 4 0 1 0
1623829649 404 52 66 0 42 39 26 7 12 2 4 0 1 0
1623837087 405 52 66 0 42 39 26 7 12 2 4 0 1 0
1623837215 406 52 66 0 42 39 26 7 12 2 4 0 1 0
1623837216 409 52 66 0 42 39 26 7 12 2 4 0 1 0
1623837401 412 52 66 0 42 39 26 7 12 2 4 0 1 0
1623837402 422 52 66 0 42 39 26 7 12 2 4 0 1 0
1623893426 423 52 66 0 42 39 26 7 12 2 4 0 1 0
1623893635 424 52 66 0 42 39 26 7 12 2 4 0 1 0
1623894792 425 52 66 0 42 39 26 7 12 2 4 0 1 0
1623895509 426 52 66 0 42 39 26 7 12 2 4 0 1 0
1623895924 427 52 66 0 42 39 26 7 12 2 4 0 1 0
1623896030 428 52 66 0 42 39 26 7 12 2 4 0 1 0
1623904730 428 52 66 0 43 39 26 7 12 2 4 0 1 0
1623912570 428 52 66 0 43 40 26 7 12 2 4 0 1 0
1623912618 428 52 66 0 43 41 26 7 12 2 4 0 1 0
1623921526 429 52 66 0 43 41 26 7 12 2 4 0 1 0
1623921560 430 52 66 0 43 41 26 7 12 2 4 0 1 0
1623921606 431 52 66 0 43 41 26 7 12 2 4 0 1 0
1623921830 432 52 66 0 43 41 26 7 12 2 4 0 1 0
1623926589 433 52 66 0 43 41 26 7 12 2 4 0 1 0
1623927333 434 52 66 0 43 41 26 7 12 2 4 0 1 0
1624186695 434 52 67 0 43 41 27 7 12 2 4 0 1 0
1624271761 434 53 67 0 43 41 27 7 12 2 4 0 1 0
1624331824 434 53 67 0 43 42 27 7 12 2 4 0 1 0
1624340332 434 53 67 0 43 42 27 7 12 3 4 0 1 0
1624342910 434 54 67 0 43 43 27 7 12 3 4 0 1 0
1624345233 434 55 67 0 43 43 27 7 12 3 4 0 1 0
1624345866 434 56 67 0 43 43 27 7 12 3 4 0 1 0
1624346139 434 56 67 0 43 44 27 7 12 4 4 0 1 0
1624351106 434 57 67 0 43 44 27 7 12 4 4 0 1 0
1624351872 434 57 67 0 43 45 27 7 12 4 4 0 1 0
1624356900 434 57 67 0 43 46 27 7 12 4 4 0 1 0
1624360533 435 57 67 0 43 46 27 7 12 4 4 0 1 0
1624360602 436 57 67 0 43 46 27 7 12 4 4 0 1 0
1624362569 437 57 67 0 43 46 27 7 12 4 4 0 1 0
1624363058 437 57 67 0 44 46 27 7 12 4 4 0 1 0
1624415715 437 58 67 0 44 46 27 7 12 4 4 0 1 0
1624431379 437 59 67 0 44 46 27 7 12 4 4 0 1 0
1624433893 437 59 67 0 44 47 27 7 12 4 4 0 1 0
1624439626 438 59 68 0 44 47 27 7 12 4 4 0 1 0
1624508874 439 59 68 0 44 47 27 7 12 4 4 0 1 0
1624516662 439 59 68 0 44 48 27 7 12 4 4 0 1 0
1624519367 439 59 71 0 44 49 27 7 12 4 4 0 1 0
1624527816 440 59 71 0 44 49 27 7 12 4 4 0 1 0
1624532201 440 59 71 0 45 49 27 7 12 4 4 0 1 0
1624532703 441 59 71 0 45 49 27 7 12 4 4 0 1 0
1624533341 442 59 71 0 45 49 27 7 12 4 4 0 1 0
1624547981 444 59 71 0 45 49 27 7 12 4 4 0 1 0
1624587646 445 59 71 0 45 49 27 7 12 4 4 0 1 0
1624608156 446 59 71 0 45 49 27 7 12 4 4 0 1 0
1624610008 447 59 71 0 45 49 27 7 12 4 4 0 1 0
1624612743 448 59 71 0 45 49 27 7 12 4 4 0 1 0
1624614927 449 59 71 0 45 49 27 7 12 4 4 0 1 0
1624843821 449 59 71 0 46 49 27 7 12 4 4 0 1 0
1624848284 450 59 71 0 46 49 27 7 12 4 4 0 1 0
1624850187 450 59 71 0 47 49 27 7 12 4 4 0 1 0
1624850989 451 60 71 0 48 49 28 7 12 4 4 0 1 0
1624853378 451 60 71 0 49 49 28 7 12 4 4 0 1 0
1624857090 451 60 71 0 50 49 28 7 12 4 4 0 1 0
1624865922 451 60 71 0 51 49 28 7 12 4 4 0 1 0
1624868259 451 60 71 0 52 49 28 7 12 4 4 0 1 0
1624870379 451 60 71 0 53 49 28 7 12 4 4 0 1 0
1624886880 451 60 71 0 54 49 28 7 12 4 4 0 1 0
1624939858 452 60 71 0 54 49 28 7 12 4 4 0 1 0
1624939861 453 60 71 0 54 49 28 7 12 4 4 0 1 0
1624939862 454 60 71 0 54 49 28 7 12 4 4 0 1 0
1624940378 455 60 71 0 54 49 29 7 12 4 4 0 1 0
1624949706 455 61 71 0 54 49 29 7 12 4 4 0 1 0
1624961101 456 61 71 0 54 49 29 7 12 4 4 0 1 0
1624962225 458 61 71 0 54 49 29 7 12 4 4 0 1 0
1624963564 459 61 71 0 54 49 29 7 12 4 4 0 1 0
1624963643 460 61 71 0 54 49 29 7 12 4 4 0 1 0
1624972159 461 61 71 0 54 49 29 7 12 4 4 0 1 0
1624973069 462 61 71 0 54 49 29 7 12 4 4 0 1 0
1624973463 463 61 71 0 54 49 29 7 12 4 4 0 1 0
1625027735 464 61 71 0 54 49 29 7 12 4 4 0 1 0
1625031091 464 62 71 0 54 49 29 7 12 4 4 0 1 0
1625037222 465 62 71 0 54 49 29 7 12 4 4 0 1 0
1625039034 466 62 71 0 54 49 29 7 12 4 4 0 1 0
1625050009 466 63 71 0 54 49 29 7 12 4 4 0 1 0
1625070021 467 63 71 0 54 49 29 7 12 4 4 0 1 0
1625106193 467 64 71 0 54 49 29 7 12 4 4 0 1 0
1625125980 468 64 71 0 54 49 29 7 12 4 4 0 1 0
1625128956 468 65 71 0 54 49 29 7 12 4 4 0 1 0
1625128976 468 66 71 0 54 49 29 7 12 4 4 0 1 0
1625132128 468 67 71 0 54 49 29 7 12 4 4 0 1 0
1625150064 469 67 71 0 54 49 29 7 12 4 4 0 1 0
1625154489 470 67 71 0 54 49 29 7 12 4 4 0 1 0
1625191503 470 68 71 0 54 49 29 7 12 4 4 0 1 0
1625191923 470 69 71 0 54 49 29 7 12 4 4 0 1 0
1625193238 470 70 71 0 54 49 29 7 12 4 4 0 1 0
1625193571 470 71 71 0 54 49 29 7 12 4 4 0 1 0
1625194834 470 72 71 0 54 49 29 7 12 4 4 0 1 0
1625196361 471 72 71 0 54 49 29 7 12 4 4 0 1 0
1625196772 472 72 71 0 54 49 29 7 12 4 4 0 1 0
1625197554 472 72 71 0 55 49 29 7 12 4 4 0 1 0
1625197992 472 72 71 0 56 49 29 7 12 4 4 0 1 0
1625202986 472 73 71 0 56 49 29 7 12 4 4 0 1 0
1625211574 472 74 71 0 56 49 29 7 12 4 4 0 1 0
1625217479 472 74 72 0 56 49 29 7 12 4 4 0 1 0
1625231258 472 75 72 0 56 49 29 7 12 4 4 0 1 0
1625450264 472 76 72 0 56 49 29 7 12 4 4 0 1 0
1625465686 472 77 72 0 56 49 29 7 12 4 4 0 1 0
1625467719 474 78 72 0 56 49 29 7 12 4 4 0 1 0
1625473240 475 78 72 0 56 49 29 7 12 4 4 0 1 0
1625473501 476 79 72 0 56 49 29 7 12 4 4 0 1 0
1625476597 476 80 72 0 56 49 29 7 12 4 4 0 1 0
1625484373 477 80 72 0 56 49 29 7 12 4 4 0 1 0
1625484404 478 80 72 0 56 49 29 7 12 4 4 0 1 0
1625506421 478 81 73 0 56 49 29 7 12 4 4 0 1 0
1625539673 478 81 73 0 57 49 29 7 12 4 4 0 1 0
1625545364 478 81 73 0 58 49 29 7 12 4 4 0 1 0
1625557483 478 81 73 0 59 49 29 7 12 4 4 0 1 0
1625560451 478 81 73 0 60 49 29 7 12 4 4 0 1 0
1625579001 478 81 73 0 61 49 29 7 12 4 4 0 1 0
1625624205 479 81 73 0 61 49 29 7 12 4 4 0 1 0
1625627808 480 81 73 0 61 49 29 7 12 4 4 0 1 0
1625630532 481 81 73 0 61 49 29 7 12 4 4 0 1 0
1625635566 481 81 73 0 62 49 29 7 12 4 4 0 1 0
1625635752 481 81 73 0 63 49 29 7 12 4 4 0 1 0
1625639975 481 81 74 0 63 49 29 7 12 4 4 0 1 0
1625643004 481 81 74 0 64 49 29 7 12 4 4 0 1 0
1625653294 481 81 74 0 64 50 29 7 12 4 4 0 1 0
1625657831 481 81 74 0 65 50 29 7 12 4 4 0 1 0
1625664606 481 81 74 0 66 50 29 7 12 4 4 0 1 0
1625740861 482 81 74 0 66 50 29 7 12 4 4 0 1 0
1625805069 482 81 74 0 67 50 29 7 12 4 4 0 1 0
1625835511 482 81 75 0 67 50 29 7 12 4 4 0 1 0
1625839927 482 81 75 0 68 50 29 7 12 4 4 0 1 0
1625840005 482 81 75 0 69 50 29 7 12 4 4 0 1 0
1626000071 482 81 75 0 70 50 29 7 12 4 4 0 1 0
1626011350 482 81 75 0 72 50 29 7 12 4 4 0 1 0
1626060597 482 81 75 0 73 50 29 7 12 4 4 0 1 0
1626061364 482 81 75 0 74 50 29 7 12 4 4 0 1 0
1626062958 482 81 75 0 75 50 29 7 12 4 4 0 1 0
1626063458 482 81 75 0 76 50 29 7 12 4 4 0 1 0
1626073814 482 81 75 0 77 50 29 7 12 4 4 0 1 0
1626079995 482 81 75 0 78 50 29 7 12 4 4 0 1 0
1626085488 482 81 75 0 79 50 29 7 12 4 4 0 1 0
1626086885 482 81 75 0 80 50 29 7 12 4 4 0 1 0
1626104584 482 81 76 0 80 50 29 7 12 4 4 0 1 0
1626105484 482 81 77 0 80 50 29 7 12 4 4 0 1 0
1626106151 482 81 77 0 80 50 29 8 12 4 4 0 1 0
1626106487 482 81 77 0 81 50 29 8 12 4 4 0 1 0
1626108576 482 81 78 0 81 50 29 8 12 4 4 0 1 0
1626108953 482 81 78 0 81 50 29 9 12 4 4 0 1 0
1626138692 482 81 79 0 81 50 29 9 12 4 4 0 1 0
1626147275 482 82 79 0 81 50 29 9 12 4 4 0 1 0
1626160462 482 82 80 0 81 50 29 9 12 4 4 0 1 0
1626161850 482 82 81 0 81 50 29 9 12 4 4 0 1 0
1626162198 482 82 82 0 81 50 29 9 12 4 4 0 1 0
1626169921 482 82 82 0 82 50 29 9 12 4 4 0 1 0
1626172702 482 82 82 0 83 50 29 9 12 4 4 0 1 0
1626180376 482 82 82 0 84 50 29 9 12 4 4 0 1 0
1626230614 482 82 82 0 85 50 29 9 12 4 4 0 1 0
1626230830 488 82 82 0 86 50 29 9 12 4 4 0 1 0
1626248176 488 82 82 0 87 50 29 9 12 4 4 0 1 0
1626279093 489 82 83 0 87 50 29 9 12 4 4 0 1 0
1626279546 490 82 83 0 87 50 29 9 12 4 4 0 1 0
1626408593 490 82 83 0 88 50 29 9 12 4 4 0 1 0
1626410833 490 82 83 0 89 50 29 9 12 4 4 0 1 0
1626410894 490 82 83 0 90 50 29 9 12 4 4 0 1 0
1626666693 490 83 83 0 90 50 29 9 12 4 4 0 1 0
1626667029 490 84 83 0 90 50 29 9 12 4 4 0 1 0
1626691195 490 84 83 0 90 50 29 9 12 5 4 0 1 0
1626691961 490 84 83 0 91 50 29 9 12 6 4 0 1 0
1626752364 490 84 83 0 92 50 29 9 12 6 4 0 1 0
1626753687 490 84 83 0 93 50 29 9 12 6 4 0 1 0
1626763325 490 84 83 0 94 50 29 9 12 6 4 0 1 0
1626765315 490 84 83 0 94 51 29 9 12 6 4 0 1 0
1626771048 491 84 83 0 94 51 29 9 12 6 4 0 1 0
1626774369 492 84 83 0 94 51 29 9 12 7 4 0 1 0
1626836604 493 84 83 0 94 51 30 9 12 7 4 0 1 0
1626854271 493 85 83 0 94 51 30 9 12 7 4 0 1 0
1626856451 493 86 83 0 94 51 30 9 12 7 4 0 1 0
1626870138 493 86 84 0 94 51 30 9 12 7 4 0 1 0
1626870237 493 86 84 0 94 51 30 10 12 7 4 0 1 0
1626872176 494 86 84 0 94 51 30 10 12 7 4 0 1 0
1626875464 495 86 84 0 94 51 30 10 12 7 4 0 1 0
1626917452 495 87 84 0 94 51 30 10 12 7 4 0 1 0
1626930347 496 87 84 0 94 51 30 10 12 7 4 0 1 0
1626930829 497 87 84 0 94 51 30 10 12 7 4 0 1 0
1626932776 498 87 84 0 94 51 30 10 12 7 4 0 1 0
1626937738 512 87 84 0 94 51 30 10 12 7 4 0 1 0
1626949601 513 87 84 0 94 51 30 10 12 7 4 0 1 0
1626965186 514 87 84 0 94 51 30 10 12 7 4 0 1 0
1627007958 515 87 84 0 94 51 30 10 12 7 4 0 1 0
1627012705 516 87 84 0 94 51 30 10 12 7 4 0 1 0
1627013471 517 87 84 0 94 51 30 10 12 7 4 0 1 0
1627284061 521 87 84 0 94 51 30 10 12 7 4 0 1 0
1627294464 522 87 84 0 96 51 30 10 12 7 4 0 1 0
1627299438 523 87 84 0 96 51 30 10 12 7 4 0 1 0
1627305792 524 87 84 0 96 51 30 10 12 7 4 0 1 0
1627348797 524 87 84 0 97 51 30 10 12 7 4 0 1 0
1627351850 525 87 84 0 97 51 30 10 12 7 4 0 1 0
1627352252 526 87 84 0 97 51 30 10 12 7 4 0 1 0
1627352751 527 87 84 0 97 51 30 10 12 7 4 0 1 0
1627382494 528 87 84 0 97 51 30 10 12 7 4 0 1 0
1627387014 528 87 84 0 98 51 30 10 12 7 4 0 1 0
1627391278 529 87 84 0 98 51 30 10 12 7 4 0 1 0
1627439021 530 87 84 0 98 51 30 10 12 7 4 0 1 0
1627448175 531 87 84 0 98 51 30 10 12 7 4 0 1 0
1627450503 532 87 84 0 98 51 30 10 12 7 4 0 1 0
1627451962 532 87 84 0 99 51 30 10 12 7 4 0 1 0
1627461809 533 87 84 0 99 51 30 10 12 7 4 0 1 0
1627467887 534 87 84 0 99 51 30 10 12 7 4 0 1 0
1627614145 534 87 84 0 100 51 30 10 12 7 4 0 1 0
1627614414 534 87 84 0 101 51 30 10 12 7 4 0 1 0
1627693352 534 87 84 0 102 51 30 10 12 7 4 0 1 0
1627729124 534 87 84 0 103 51 30 10 12 7 4 0 1 0
1627729656 534 87 84 0 104 51 30 10 12 7 4 0 1 0
1627736762 534 87 84 0 105 51 30 10 12 7 4 0 1 0
1627736896 534 87 84 0 106 51 30 10 12 7 4 0 1 0
1627737939 534 87 84 0 107 51 30 10 12 7 4 0 1 0
1627737945 534 87 84 0 108 51 30 10 12 7 4 0 1 0
1627742592 535 87 84 0 108 51 30 10 12 7 4 0 1 0
1627779408 535 87 84 0 109 51 30 10 12 7 4 0 1 0
1627781761 535 87 84 0 110 51 30 10 12 7 4 0 1 0
1627809578 536 87 84 0 110 51 30 10 12 7 4 0 1 0
1627867412 536 87 84 0 111 51 30 10 12 7 4 0 1 0
1627868707 536 87 84 0 112 51 30 10 12 7 4 0 1 0
1627871601 536 87 85 0 112 51 30 10 12 7 4 0 1 0
1627873314 536 87 85 0 113 51 30 10 12 7 4 0 1 0
1627875281 537 87 85 0 113 51 30 10 12 7 4 0 1 0
1627876842 537 87 86 0 113 52 30 10 12 7 4 0 1 0
1627891512 537 87 86 0 113 53 30 10 12 7 4 0 1 0
1627904200 537 87 86 0 114 53 30 10 12 7 4 0 1 0
1627911865 537 87 86 0 115 53 30 10 12 7 4 0 1 0
1627956660 537 87 86 0 116 53 30 10 12 7 4 0 1 0
1627959555 537 87 86 0 117 53 30 10 12 7 4 0 1 0
1627963219 537 87 86 0 117 54 30 10 12 7 4 0 1 0
1627963247 537 87 86 0 117 55 30 10 12 7 4 0 1 0
1627970051 537 89 87 0 117 55 30 10 12 7 4 0 1 0
1627971897 537 90 87 0 117 55 30 10 12 7 4 0 1 0
1627974259 537 90 88 0 117 55 30 10 12 7 4 0 1 0
1627982666 537 90 88 0 117 56 30 10 12 7 4 0 1 0
1628042871 537 90 88 0 118 56 30 10 12 7 4 0 1 0
1628047964 537 90 88 0 119 56 30 10 12 7 4 0 1 0
1628050823 537 90 88 0 120 56 30 10 12 7 4 0 1 0
1628051893 537 90 88 0 121 56 30 10 12 7 4 0 1 0
1628070227 537 90 88 0 122 56 30 10 12 7 4 0 1 0
1628072221 537 90 88 0 123 56 30 10 12 7 4 0 1 0
1628073950 537 90 88 0 124 56 30 10 12 7 4 0 1 0
1628074150 537 90 88 0 125 56 30 10 12 7 4 0 1 0
1628099992 539 93 88 0 126 56 30 10 12 7 4 0 1 0
1628131332 539 94 88 0 126 56 30 10 12 7 4 0 1 0
1628146246 539 95 88 0 126 56 30 10 12 7 4 0 1 0
1628148129 539 96 88 0 126 56 30 10 12 7 4 0 1 0
1628153240 539 96 88 0 126 56 31 10 12 7 4 0 1 0
1628154199 539 97 88 0 126 56 31 10 12 7 4 0 1 0
1628159247 541 98 88 0 126 56 31 10 12 7 4 0 1 0
1628194865 542 98 88 0 126 56 31 10 12 7 4 0 1 0
1628194929 543 98 88 0 126 56 31 10 12 7 4 0 1 0
1628195036 544 98 88 0 126 56 31 10 12 7 4 0 1 0
1628198012 545 98 88 0 126 56 31 10 12 7 4 0 1 0
1628220818 545 98 88 0 127 56 31 10 12 7 4 0 1 0
1628221350 545 98 88 0 128 56 31 10 12 7 4 0 1 0
1628224076 546 98 88 0 128 56 31 10 12 7 4 0 1 0
1628224769 546 98 88 0 129 56 31 10 12 7 4 0 1 0
1628229529 546 99 88 0 129 56 31 10 12 7 4 0 1 0
1628231020 546 99 89 0 129 56 31 10 12 7 4 0 1 0
1628233151 546 99 90 0 129 56 31 10 12 7 4 0 1 0
1628235277 546 99 91 0 129 56 31 10 12 7 4 0 1 0
1628236897 547 99 91 0 129 56 31 10 12 7 4 0 1 0
1628238075 548 99 91 0 129 56 31 10 12 7 4 0 1 0
1628241459 549 99 91 0 129 56 31 10 12 7 4 0 1 0
1628242677 550 99 91 0 129 56 31 10 12 7 4 0 1 0
1628242920 551 100 91 0 129 56 31 10 12 7 4 0 1 0
1628303120 552 100 91 0 129 56 31 10 12 7 4 0 1 0
1628482538 552 101 91 0 129 56 31 10 12 7 4 0 1 0
1628500533 552 101 91 0 129 57 31 10 12 7 4 0 1 0
1628506450 553 101 91 0 129 57 31 10 12 7 4 0 1 0
1628565754 554 101 91 0 129 57 31 10 12 7 4 0 1 0
1628567947 554 102 91 0 129 57 31 10 12 7 4 0 1 0
1628569172 554 102 91 0 130 57 31 10 12 7 4 0 1 0
1628583223 554 102 91 0 131 57 31 10 12 7 4 0 1 0
1628587204 555 102 91 0 131 57 31 10 12 7 4 0 1 0
1628591347 556 102 91 0 131 57 31 10 12 7 4 0 1 0
1628607960 557 102 91 0 131 57 31 10 12 7 4 0 1 0
1628654323 557 103 91 0 131 57 31 10 12 7 4 0 1 0
1628655776 557 103 92 0 131 57 31 10 12 7 4 0 1 0
1628659597 557 103 93 0 131 57 31 10 12 7 4 0 1 0
1628659623 557 103 94 0 131 57 31 10 12 7 4 0 1 0
1628659755 557 103 95 0 131 57 31 10 12 7 4 0 1 0
1628663308 557 103 96 0 131 57 31 10 12 7 4 0 1 0
1628663790 557 103 96 0 132 57 31 11 12 7 4 0 1 0
1628680003 558 103 96 0 132 57 31 11 12 7 4 0 1 0
1628680306 559 103 96 0 132 57 31 11 12 7 4 0 1 0
1628680470 560 103 96 0 132 57 31 11 12 7 4 0 1 0
1628732162 561 103 96 0 132 57 31 11 12 7 4 0 1 0
1628732646 562 103 96 0 132 57 31 11 12 7 4 0 1 0
1628733196 563 103 96 0 132 57 31 11 12 7 4 0 1 0
1628741683 563 103 97 0 132 57 31 11 12 7 4 0 1 0
1628749545 565 103 97 1 132 57 31 11 12 7 4 0 1 0
1628760657 566 103 97 1 132 57 31 11 12 7 4 0 1 0
1628766741 567 103 98 1 132 57 31 11 12 7 4 0 1 0
1628775052 568 103 98 1 132 57 31 11 12 7 4 0 1 0
1628776836 569 103 98 1 132 57 31 11 12 7 4 0 1 0
1628819930 570 103 98 1 132 57 31 11 12 7 4 0 1 0
1628826783 570 104 98 1 132 57 31 11 12 7 4 0 1 0
1628830107 571 104 98 1 132 57 31 11 12 7 4 0 1 0
1628837496 571 104 98 2 132 57 31 11 12 7 4 0 1 0
1628837505 571 104 98 3 132 57 31 11 12 7 4 0 1 0
1628840214 571 104 98 3 132 58 31 11 12 7 4 0 1 0
1628840487 572 104 98 3 132 58 31 11 12 7 4 0 1 0
1628843158 573 104 98 4 132 59 32 11 12 7 4 0 1 0
1628846501 574 105 98 4 132 59 32 11 12 7 4 0 1 0
1628848063 575 105 98 4 132 59 32 11 12 7 4 0 1 0
1628849128 576 105 98 4 132 59 32 11 12 7 4 0 1 0
1628849535 577 105 98 4 132 59 32 11 12 7 4 0 1 0
1628850535 578 105 102 4 132 59 32 11 12 7 4 0 1 0
1628852508 579 105 102 4 132 59 32 11 12 7 4 0 1 0
1628855914 579 105 102 5 132 59 32 11 12 7 4 0 1 0
1629080672 580 105 102 5 132 59 32 11 12 7 4 0 1 0
1629080894 581 105 102 5 132 59 32 11 12 7 4 0 1 0
1629086252 582 106 102 5 132 59 32 11 12 7 4 0 1 0
1629097846 583 106 102 5 132 59 32 11 12 7 4 0 1 0
1629099478 583 106 102 6 132 59 32 11 12 7 4 0 1 0
1629099685 583 106 102 7 132 59 32 11 12 7 4 0 1 0
1629100500 583 107 102 7 132 59 32 11 12 7 4 0 1 0
1629106243 584 107 102 7 132 59 32 11 12 7 4 0 1 0
1629106260 585 107 102 7 132 59 32 11 12 7 4 0 1 0
1629107501 585 108 102 7 132 59 32 11 12 7 4 0 1 0
1629108761 585 109 102 7 132 59 32 11 12 7 4 0 1 0
1629109130 585 110 102 7 132 59 32 11 12 7 4 0 1 0
1629165121 586 110 102 7 132 59 32 11 12 7 4 0 1 0
1629165238 587 110 102 7 132 59 32 11 12 7 4 0 1 0
1629166386 588 110 102 8 132 59 32 11 12 7 4 0 1 0
1629167536 588 110 103 8 132 59 32 11 12 7 4 0 1 0
1629169846 589 110 103 8 132 59 32 11 12 7 4 0 1 0
1629170943 590 110 103 8 132 59 32 11 12 7 4 0 1 0
1629171122 591 110 103 8 132 59 32 11 12 7 4 0 1 0
1629172300 591 111 103 8 132 59 32 11 12 7 4 0 1 0
1629194175 591 111 104 8 132 61 32 11 12 7 4 0 1 0
1629256744 591 111 105 8 132 61 32 11 12 7 4 0 1 0
1629281696 592 111 105 8 132 61 32 11 12 7 4 0 1 0
1629343477 592 111 105 8 132 62 32 11 12 7 4 0 1 0
1629428408 592 111 105 8 132 63 32 11 12 7 4 0 1 0
1629432188 592 111 106 8 132 63 32 11 12 7 4 0 1 0
1629432806 593 111 106 8 132 63 32 11 12 7 4 0 1 0
1629432834 594 111 106 8 132 63 32 11 12 7 4 0 1 0
1629433609 595 111 106 8 132 63 32 11 12 7 4 0 1 0
1629445607 595 112 106 8 132 63 32 11 12 7 4 0 1 0
1629455112 595 112 107 8 132 63 32 11 12 7 4 0 1 0
1629456623 596 112 107 8 132 63 32 11 12 7 4 0 1 0
1629689873 596 113 107 8 132 63 32 11 12 7 4 0 1 0
1629705035 596 114 107 8 132 63 32 11 12 7 4 0 1 0
1629720348 597 114 107 8 132 63 32 11 12 7 4 0 1 0
1629720494 598 114 107 8 132 63 32 11 12 7 4 0 1 0
1629776960 599 114 107 8 132 63 32 11 12 7 4 0 1 0
1629779252 600 114 107 8 132 63 32 11 12 7 4 0 1 0
1629782203 601 114 107 8 132 63 33 11 12 7 4 0 1 0
1629796058 601 115 107 8 132 63 33 11 12 7 4 0 1 0
1629799645 601 115 107 8 132 64 33 11 12 7 4 0 1 0
1629799798 602 115 107 8 132 64 33 11 12 7 4 0 1 0
1629803512 603 115 107 8 132 64 33 11 12 7 4 0 1 0
1629808644 604 115 107 8 132 64 33 11 12 7 4 0 1 0
1629812936 605 115 107 8 132 64 33 11 12 7 4 0 1 0
1629813096 606 115 107 8 132 64 33 11 12 7 4 0 1 0
1629814450 607 115 107 8 132 64 33 11 12 7 4 0 1 0
1629817195 608 115 107 8 132 64 33 11 12 7 4 0 1 0
1629819942 608 115 107 9 132 64 33 11 12 7 4 0 1 0
1629874291 608 116 107 9 132 64 33 11 12 7 4 0 1 0
1629877393 609 116 107 10 132 64 33 11 12 7 4 0 1 0
1629877471 609 116 107 10 132 65 33 11 12 7 4 0 1 0
1629882495 609 117 107 10 132 65 33 11 12 7 4 0 1 0
1629905757 609 117 107 11 132 65 33 11 12 7 4 0 1 0
1629907580 609 117 108 11 132 65 33 11 12 7 4 0 1 0
1629945292 611 117 108 11 132 65 33 11 12 7 4 0 1 0
1629946196 611 117 109 11 132 65 33 11 12 7 4 0 1 0
1629952537 612 117 109 11 132 65 33 11 12 7 4 0 1 0
1629971961 612 118 109 11 132 65 33 11 12 7 4 0 1 0
1630033189 612 118 109 11 132 67 33 11 12 7 4 0 1 0
1630036939 612 118 109 11 132 68 33 11 12 7 4 0 1 0
1630037854 613 118 109 11 132 68 33 11 12 7 4 0 1 0
1630038892 613 118 109 11 132 68 33 11 12 7 4 0 2 0
1630045798 614 119 109 11 132 68 33 11 12 7 4 0 2 0
1630047767 615 119 109 11 132 68 33 11 12 7 4 0 2 0
1630048025 615 120 109 11 132 69 33 11 12 7 4 0 2 0
1630048731 615 120 109 11 132 70 33 11 12 7 4 0 2 0
1630049837 616 120 109 11 132 70 33 11 12 7 4 0 2 0
1630060833 617 120 109 11 132 70 33 11 12 7 4 0 2 0
1630063453 618 120 109 11 132 70 33 11 12 7 4 0 2 0
1630073433 619 120 109 11 132 70 33 11 12 7 4 0 2 0
1630139950 619 120 110 11 132 70 33 11 12 7 4 0 2 0
1630289905 619 121 110 11 132 70 33 12 12 7 4 0 2 0
1630295157 619 121 111 11 132 70 33 12 12 7 4 0 2 0
1630311053 619 122 111 11 132 70 33 12 12 7 4 0 2 0
1630312134 619 122 112 11 132 70 33 12 12 7 4 0 2 0
1630393717 619 123 112 11 132 70 33 12 12 7 4 0 2 0
1630397810 619 124 112 11 132 70 33 12 12 7 4 0 2 0
1630401156 619 125 112 11 132 70 33 12 12 7 4 0 2 0
1630401761 619 126 112 11 132 70 33 12 12 7 4 0 2 0
1630464188 619 127 112 11 132 70 33 12 12 7 4 0 2 0
1630478846 619 128 112 11 132 70 33 12 12 7 4 0 2 0
1630481132 620 128 112 11 132 70 33 12 12 7 4 0 2 0
1630486919 620 129 112 11 132 70 33 12 12 7 4 0 2 0
1630577051 620 129 113 11 132 70 33 12 12 7 4 0 2 0
1630641057 620 129 114 11 132 70 33 12 12 7 4 0 2 0
1630669454 620 129 115 11 132 70 33 12 12 7 4 0 2 0
1630901496 621 129 115 11 132 70 33 12 12 7 4 0 2 0
1630980964 622 129 115 11 132 70 33 12 12 7 4 0 2 0
1630982483 622 129 116 11 132 70 33 12 12 7 4 0 2 0
1630998045 622 129 116 11 132 71 33 12 12 7 4 0 2 0
1631000184 622 129 117 11 132 71 33 12 12 7 4 0 2 0
1631000891 622 130 117 11 132 71 33 12 12 7 4 0 2 0
1631009843 622 130 117 11 132 72 33 12 12 7 4 0 2 0
1631067629 622 130 118 11 132 72 33 12 12 7 4 0 2 0
1631074724 623 130 118 11 132 72 33 12 12 7 4 0 2 0
1631085180 624 130 118 11 132 72 33 12 12 7 4 0 2 0
1631086066 625 130 118 11 132 72 33 12 12 7 4 0 2 0
1631093664 625 131 118 11 132 72 33 12 12 7 4 0 2 0
1631114449 625 131 119 11 132 72 33 12 12 7 4 0 2 0
1631157603 625 131 120 11 132 72 33 12 12 7 4 0 2 0
1631237947 625 131 120 11 132 73 33 12 12 7 4 0 2 0
1631266042 625 131 121 11 132 73 33 12 12 7 4 0 2 0
1631508103 633 131 121 11 132 73 33 12 12 7 4 0 2 0
1631508252 634 131 121 11 132 73 33 12 12 7 4 0 2 0
1631514810 634 132 121 11 132 73 33 12 12 7 4 0 2 0
1631517844 654 132 121 11 132 73 33 12 12 7 4 0 2 0
1631522508 659 132 121 11 132 73 33 12 12 7 4 0 2 0
1631533326 660 132 121 11 132 73 33 12 12 7 4 0 2 0
1631589889 660 132 121 11 132 74 33 12 12 7 4 0 2 0
1631594783 661 132 121 11 132 74 33 12 12 7 4 0 2 0
1631604047 661 133 121 11 132 74 33 12 12 7 4 0 2 0
1631609562 662 134 121 11 132 74 33 12 12 7 4 0 2 0
1631613838 663 134 121 11 132 74 33 12 12 7 4 0 2 0
1631613890 664 134 121 11 132 74 33 12 12 7 4 0 2 0
1631693463 664 135 121 11 132 74 33 12 12 7 4 0 2 0
1631693907 665 135 121 11 132 74 33 12 12 7 4 0 2 0
1631698090 665 136 121 11 132 74 33 12 12 7 4 0 2 0
1631756150 666 136 121 11 132 74 33 12 12 7 4 0 2 0
1631778486 667 136 121 11 132 74 33 12 12 7 4 0 2 0
1631780940 668 136 121 11 132 74 33 12 12 7 4 0 2 0
1631782021 669 136 121 11 132 74 33 12 12 7 4 0 2 0
1631786401 669 136 121 11 132 75 33 12 12 7 4 0 2 0
1631856784 669 137 121 11 132 75 33 12 12 7 4 0 2 0
1631868966 669 138 122 11 132 75 33 12 12 7 4 0 2 0
1631871614 669 138 123 11 132 75 33 12 12 7 4 0 2 0
1631930233 669 138 123 11 132 76 33 12 12 7 4 0 2 0
1631945994 669 139 123 11 132 76 33 12 12 7 4 0 2 0
1632302474 669 139 123 11 132 77 33 12 12 7 4 0 2 0
1632308804 669 139 123 11 132 78 33 12 12 7 4 0 2 0
1632394450 669 140 123 11 132 78 33 12 12 7 4 0 2 0
1632456308 669 141 123 11 132 78 33 12 12 7 4 0 2 0
1632477694 669 142 123 11 132 78 33 12 12 7 4 0 2 0
1632627062 670 142 123 11 132 78 33 12 12 7 4 0 2 0
1632627152 671 142 123 11 132 79 33 12 12 7 4 0 2 0
1632710265 671 142 123 11 132 80 33 12 12 7 4 0 2 0
1632713553 671 142 123 11 132 81 33 12 12 7 4 0 2 0
1632733008 671 142 124 11 132 81 33 12 12 7 4 0 2 0
1632733018 671 142 125 11 132 81 33 12 12 7 4 0 2 0
1632734109 672 142 125 11 132 81 33 12 12 7 4 0 2 0
1632734125 673 143 125 11 132 81 33 12 12 7 4 0 2 0
1632747749 673 143 126 11 132 81 33 12 12 7 4 0 2 0
1632756067 674 143 126 11 132 81 33 12 12 7 4 0 2 0
1632756188 675 143 126 11 132 81 33 12 12 7 4 0 2 0
1632757193 676 143 126 11 132 81 33 12 12 7 4 0 2 0
1632757633 677 143 126 11 132 81 33 12 12 7 4 0 2 0
1632802147 678 143 126 11 132 81 33 12 12 7 4 0 2 0
1632804318 678 143 127 11 132 81 33 12 12 7 4 0 2 0
1632810146 681 143 127 11 132 82 33 12 12 7 4 0 2 0
1632816542 682 143 127 11 132 82 33 12 12 7 4 0 2 0
1632816785 683 143 127 11 132 82 33 12 12 7 4 0 2 0
1632829224 683 143 127 11 132 82 33 13 12 7 4 0 2 0
1632842111 683 143 128 11 132 82 33 13 12 7 4 0 2 0
1632843019 683 143 128 11 132 82 33 14 12 7 4 0 2 0
1632845835 683 143 129 11 132 82 33 14 12 7 4 0 2 0
1632846335 683 143 129 11 132 82 33 15 12 7 4 0 2 0
1632881547 684 143 129 11 132 82 33 15 12 7 4 0 2 0
1632882576 684 143 130 11 132 82 33 15 12 7 4 0 2 0
1632883199 684 143 130 11 132 82 33 16 12 7 4 0 2 0
1632885451 685 143 130 11 132 82 33 16 12 7 4 0 2 0
1632926465 686 143 130 11 132 82 33 16 12 7 4 0 2 0
1632926584 687 143 130 11 132 82 33 16 12 7 4 0 2 0
1632927148 688 143 130 11 132 82 33 16 12 7 4 0 2 0
1633669469 688 143 130 11 132 82 34 16 12 7 4 0 2 0
1633677920 688 143 130 11 132 82 35 16 12 7 4 0 2 0
1633683123 688 143 131 11 132 82 35 16 12 7 4 0 2 0
1633767850 688 144 131 11 132 83 35 16 12 7 4 0 2 0
1633768533 688 145 131 11 132 83 35 16 12 7 4 0 2 0
1633769461 688 145 131 11 132 84 35 16 12 7 4 0 2 0
1633920113 688 145 131 11 132 84 35 16 12 8 4 0 2 0
1633923576 689 145 131 11 132 84 35 16 12 8 4 0 2 0
1633926796 689 146 131 11 132 84 35 16 12 8 4 0 2 0
1633935766 689 147 131 11 132 84 35 16 12 8 4 0 2 0
1633939366 690 147 131 11 132 84 35 16 12 8 4 0 2 0
1633941822 690 148 131 11 132 84 35 16 12 8 4 0 2 0
1633945069 690 148 131 11 132 85 35 16 12 8 4 0 2 0
1633953424 690 148 132 11 132 85 35 16 12 8 4 0 2 0
1634012039 690 149 132 11 132 85 35 16 12 8 4 0 2 0
1634022736 690 150 132 11 132 85 35 16 12 8 4 0 2 0
1634277689 690 150 133 11 132 85 35 16 12 8 4 0 2 0
1634529576 690 150 133 12 132 85 35 16 12 8 4 0 2 0
1634540275 690 150 134 13 132 85 35 16 12 8 4 0 2 0
1634542900 690 150 134 14 132 85 35 16 12 8 4 0 2 0
1634544524 690 150 134 15 132 85 35 16 12 8 4 0 2 0
1634544618 690 150 134 16 132 85 35 16 12 8 4 0 2 0
1634545038 690 150 134 17 132 85 35 16 12 8 4 0 2 0
1634545705 690 150 134 18 132 85 35 16 12 8 4 0 2 0
1634545835 690 150 134 19 132 85 35 16 12 8 4 0 2 0
1634547359 690 150 134 20 132 85 35 16 12 8 4 0 2 0
1634548619 690 150 134 21 132 85 35 16 12 8 4 0 2 0
1634548876 690 150 134 22 132 85 35 16 12 8 4 0 2 0
1634551151 690 150 134 23 132 85 35 16 12 8 4 0 2 0
1634551294 690 150 134 24 132 85 35 16 12 8 4 0 2 0
1634555178 690 150 134 25 132 85 35 16 12 8 4 0 2 0
1634557351 690 150 134 26 132 85 35 16 12 8 4 0 2 0
1634559536 690 151 134 27 132 85 35 16 12 8 4 0 2 0
1634562550 690 151 134 28 132 85 35 16 12 8 4 0 2 0
1634563616 690 151 134 29 132 85 35 16 12 8 4 0 2 0
1634563794 690 151 134 30 132 85 35 16 12 8 4 0 2 0
1634565692 690 151 134 31 132 85 35 16 12 8 4 0 2 0
1634565703 690 151 134 32 132 85 35 16 12 8 4 0 2 0
1634566427 690 151 134 33 132 85 35 16 12 8 4 0 2 0
1634567558 690 151 134 34 132 85 35 16 12 8 4 0 2 0
1634607238 690 151 134 35 132 85 35 16 12 8 4 0 2 0
1634608639 690 151 134 36 132 85 35 16 12 8 4 0 2 0
1634609320 690 151 134 37 132 85 35 16 12 8 4 0 2 0
1634611099 690 151 134 38 132 85 35 16 12 8 4 0 2 0
1634613834 690 151 134 39 132 85 35 16 12 8 4 0 2 0
1634613990 690 151 134 40 132 85 35 16 12 8 4 0 2 0
1634616096 691 151 134 40 132 85 36 16 12 8 4 0 2 0
1634618852 691 152 134 40 132 85 36 16 12 8 4 0 2 0
1634635780 691 152 134 41 132 85 36 16 12 8 4 0 2 0
1634637261 691 152 134 42 132 85 36 16 12 8 4 0 2 0
1634639171 691 152 134 43 132 85 36 16 12 8 4 0 2 0
1634642316 691 152 134 44 132 85 36 16 12 8 4 0 2 0
1634644743 691 152 134 45 132 85 36 16 12 8 4 0 2 0
1634645549 691 152 134 46 132 85 36 16 12 8 4 0 2 0
1634645999 691 152 134 47 132 85 36 16 12 8 4 0 2 0
1634647082 691 152 134 48 132 85 36 16 12 8 4 0 2 0
1634649519 691 152 134 49 132 85 36 16 12 8 4 0 2 0
1634649922 691 152 134 50 132 85 36 16 12 8 4 0 2 0
1634650034 691 152 134 51 132 85 36 16 12 8 4 0 2 0
1634651926 691 152 134 52 132 85 36 16 12 8 4 0 2 0
1634652638 691 152 134 53 132 85 36 16 12 8 4 0 2 0
1634654639 691 152 134 54 132 85 36 16 12 8 4 0 2 0
1634658197 691 152 134 55 132 85 36 16 12 8 4 0 2 0
1634699251 691 153 134 60 132 85 36 16 12 9 4 0 2 0
1634707096 691 153 134 61 132 85 36 16 12 9 4 0 2 0
1634735863 691 154 134 61 132 85 36 16 12 9 4 0 2 0
1634785238 691 155 135 61 132 85 36 16 12 9 4 0 2 0
1634806291 691 155 136 61 132 86 36 16 12 9 4 0 2 0
1634867170 691 155 136 63 132 87 36 16 12 9 4 0 2 0
1634869372 691 156 136 63 132 87 36 16 12 9 4 0 2 0
1634885151 691 157 136 63 132 87 36 16 12 9 4 0 2 0
1634887556 691 157 137 63 132 87 36 16 12 9 4 0 2 0
1634888667 691 157 137 63 132 87 36 17 12 9 4 0 2 0
1634891315 691 157 138 63 132 87 36 17 12 9 4 0 2 0
1634891787 691 157 138 63 132 87 36 18 12 9 4 0 2 0
1634891883 691 157 138 63 132 88 36 18 12 9 4 0 2 0
1634895245 691 157 138 63 132 89 36 18 12 9 4 0 2 0
1634907869 692 157 138 63 132 89 36 18 12 9 4 0 2 0
1635136942 692 157 138 63 132 89 36 18 12 10 4 0 2 0
1635143271 692 157 138 63 132 89 36 18 12 10 4 1 2 0
1635143917 692 157 139 64 132 89 36 18 12 10 4 1 2 0
1635147290 692 157 140 64 132 89 36 18 12 10 4 1 2 0
1635218594 693 157 140 64 132 89 36 18 12 10 4 1 2 0
1635219777 694 157 140 64 132 89 36 18 12 10 4 1 2 0
1635221026 695 157 140 64 132 89 36 18 12 10 4 1 2 0
1635222209 695 158 140 64 132 89 36 18 12 10 4 1 2 0
1635235140 695 159 140 64 132 89 36 18 12 10 4 1 2 0
1635236389 695 160 140 64 132 89 36 18 12 10 4 1 2 0
1635242695 695 160 141 64 132 89 36 18 12 10 4 1 2 0
1635248209 695 161 141 64 132 89 36 18 12 10 4 1 2 0
1635297891 699 161 141 64 132 89 36 18 12 10 4 1 2 0
1635305494 699 162 141 64 132 89 36 18 12 10 4 1 2 0
1635306610 699 163 141 64 132 89 36 18 12 10 4 1 2 0
1635316020 699 164 141 64 132 89 36 18 12 10 4 1 2 0
1635321360 699 165 141 64 132 89 36 18 12 10 4 1 2 0
1635388183 699 166 141 64 132 89 36 18 12 10 4 1 2 0
1635396455 699 167 141 64 132 89 36 18 12 10 4 1 2 0
1635414065 699 168 141 64 132 89 36 18 12 10 4 1 2 0
1635414680 700 168 141 64 132 89 36 18 12 10 4 1 2 0
1635420813 700 169 141 64 132 89 36 18 12 10 4 1 2 0
1635429863 701 170 141 64 132 89 36 18 12 10 4 1 2 0
1635436546 701 171 141 64 132 89 36 18 12 10 4 1 2 0
1635475372 701 172 141 64 132 89 36 18 12 10 4 1 2 0
1635476078 702 172 141 64 132 89 36 18 12 10 4 1 2 0
1635476085 703 172 141 64 132 89 36 18 12 10 4 1 2 0
1635476098 704 172 141 64 132 89 36 18 12 10 4 1 2 0
1635476109 705 172 141 64 132 89 36 18 12 10 4 1 2 0
1635481813 706 172 141 64 132 89 36 18 12 10 4 1 2 0
1635482367 707 172 141 64 132 89 36 18 12 10 4 1 2 0
1635487725 708 172 141 64 132 89 36 18 12 10 4 1 2 0
1635489446 708 173 141 64 132 89 36 18 12 10 4 1 2 0
1635492889 708 174 141 64 132 89 36 18 12 10 4 1 2 0
1635495819 709 174 141 64 132 89 36 18 12 10 4 1 2 0
1635497144 710 174 141 64 132 89 36 18 12 10 4 1 2 0
1635497407 710 175 141 64 132 89 36 18 12 10 4 1 2 0
1635501420 711 176 141 64 132 89 36 18 12 10 4 1 2 0
1635524541 711 176 141 65 132 89 36 18 12 10 4 1 2 0
1635564817 711 177 141 65 132 89 36 18 12 10 4 1 2 0
1635565321 711 178 141 65 132 89 36 18 12 10 4 1 2 0
1635565472 711 179 141 65 132 89 36 18 12 10 4 1 2 0
1635565882 711 180 141 65 132 89 36 18 12 10 4 1 2 0
1635575082 712 180 141 65 132 89 36 18 12 10 4 1 2 0
1635575329 713 180 141 65 132 89 36 18 12 10 4 1 2 0
1635735414 713 180 141 65 132 89 36 18 13 10 4 1 2 0
1635737505 713 180 141 66 132 89 36 18 13 10 4 1 2 0
1635738660 714 180 141 66 132 89 36 18 13 10 4 1 2 0
1635766147 715 180 141 66 132 89 36 18 13 10 4 1 2 0
1635768107 715 181 141 66 132 89 36 18 13 10 4 1 2 0
1635768119 715 182 141 66 132 89 36 18 13 10 4 1 2 0
1635768320 715 182 141 67 132 89 36 18 13 10 4 1 2 0
1635776658 715 182 141 67 132 89 36 18 14 10 4 1 2 0
1635819989 715 183 141 67 132 89 36 18 14 10 4 1 2 0
1635820769 715 184 141 67 132 89 36 18 14 10 4 1 2 0
1635821515 715 185 141 67 132 89 36 18 14 10 4 1 2 0
1635824928 715 185 142 67 132 89 36 18 14 10 4 1 2 0
1635851675 715 185 143 67 132 89 36 18 14 10 4 1 2 0
1635902666 716 185 143 67 132 89 36 18 14 10 4 1 2 0
1635925378 716 185 143 67 132 89 36 18 14 11 4 1 2 0
1635931604 716 186 143 67 132 89 36 18 14 11 4 1 2 0
1635933150 716 187 143 67 132 89 36 18 14 11 4 1 2 0
1635994665 716 188 143 67 132 89 36 18 14 11 4 1 2 0
1636006283 716 189 143 67 132 89 36 18 14 11 4 1 2 0
1636012056 717 189 143 67 132 89 36 18 14 11 4 1 2 0
1636014575 720 189 143 67 132 89 36 18 14 11 4 1 2 0
1636015174 721 189 143 67 132 89 36 18 14 11 4 1 2 0
1636016003 721 190 143 67 132 89 36 18 14 11 4 1 2 0
1636078351 721 190 143 67 132 89 36 18 14 12 4 1 2 0
1636078713 721 190 143 67 132 89 36 18 14 12 4 2 2 0
1636079451 721 190 143 67 132 89 36 18 14 13 4 2 2 0
1636086578 722 190 143 67 132 89 36 18 14 13 4 2 2 0
1636103113 722 191 143 67 132 89 36 18 14 13 4 2 2 0
1636124703 722 191 143 68 132 89 36 18 14 13 4 2 2 0
1636157098 722 191 143 69 132 89 36 18 14 13 4 2 2 0
1636157145 722 191 143 70 132 89 36 18 14 13 4 2 2 0
1636157152 722 191 143 71 132 89 36 18 14 13 4 2 2 0
1636180782 722 191 143 71 132 89 36 18 14 13 8 2 2 0
1636348497 722 191 143 72 132 89 36 18 14 13 8 2 2 0
1636348809 722 191 143 73 132 89 36 18 14 13 8 2 2 0
1636350929 722 191 143 73 132 89 36 19 14 13 8 2 2 0
1636360182 722 192 143 73 132 89 36 19 14 13 8 2 2 0
1636372089 723 192 143 73 132 89 36 19 14 13 8 2 2 0
1636457070 723 192 144 73 132 89 36 19 14 13 8 2 2 0
1636511084 723 193 144 74 132 89 36 19 14 13 8 2 2 0
1636534283 723 194 144 74 132 89 36 19 14 13 8 2 2 0
1636534343 723 195 144 74 132 89 36 19 14 13 8 2 2 0
1636535117 723 196 144 74 132 89 36 19 14 13 8 2 2 0
1636538356 723 197 144 74 132 89 36 19 14 13 8 2 2 0
1636539998 723 197 145 74 132 89 36 19 14 13 8 2 2 0
1636594263 723 198 145 74 132 89 36 19 14 13 8 2 2 0
1636601754 723 199 145 74 132 89 36 19 14 13 8 2 2 0
1636614385 723 199 146 74 132 89 36 19 14 13 8 2 2 0
1636617215 723 199 146 74 132 89 36 20 14 13 8 2 2 0
1636618975 723 200 147 74 132 89 36 20 14 13 8 2 2 0
1636621927 723 201 147 74 132 89 36 20 14 13 8 2 2 0
1636621935 723 202 147 74 132 89 36 20 14 13 8 2 2 0
1636621946 723 203 147 74 132 89 36 20 14 13 8 2 2 0
1636621954 723 204 147 74 132 89 36 20 14 13 8 2 2 0
1636627319 723 204 148 74 132 89 36 20 14 13 8 2 2 0
1636638323 723 204 149 74 132 89 36 20 14 13 8 2 2 0
1636639086 723 204 149 74 132 89 36 21 14 13 8 2 2 0
1636648274 723 204 150 74 132 89 36 21 14 13 8 2 2 0
1636648714 723 204 150 74 132 89 36 22 14 13 8 2 2 0
1636688373 723 205 150 74 132 89 36 22 14 13 8 2 2 0
1636695197 723 205 151 74 132 89 36 22 14 13 8 2 2 0
1636696570 723 205 152 74 132 89 36 22 14 13 8 2 2 0
1636697210 723 205 153 74 132 89 36 22 14 13 8 2 2 0
1636699291 723 205 154 74 132 89 36 22 14 13 8 2 2 0
1636700093 723 205 154 75 132 89 36 22 14 13 8 2 2 0
1636712383 723 206 154 75 132 89 36 22 14 13 8 2 2 0
1636713249 723 207 154 75 132 89 36 22 14 13 8 2 2 0
1636777359 723 207 155 75 132 89 36 22 14 13 8 2 2 0
1636946550 723 207 155 76 132 89 36 22 14 13 8 2 2 0
1636959648 723 207 155 76 132 89 36 22 14 14 8 2 2 0
1636962990 723 207 155 76 132 89 36 22 14 15 8 2 2 0
1636968405 723 208 155 76 132 89 36 22 14 15 8 2 2 0
1636971835 723 209 155 76 132 89 36 22 14 15 8 2 2 0
1636974146 723 210 155 76 132 89 36 22 14 15 8 2 2 0
1637032060 723 210 155 76 132 89 36 22 14 16 8 2 2 0
1637065123 723 210 155 77 132 89 36 22 14 16 8 2 2 0
1637072143 723 210 155 77 132 89 36 22 15 16 8 2 2 0
1637115239 723 211 155 78 132 89 36 22 15 16 8 2 2 0
1637116931 723 211 155 79 132 89 36 22 15 16 8 2 2 0
1637116952 723 211 155 80 132 89 36 22 15 16 8 2 2 0
1637116999 723 211 155 81 132 89 36 22 15 16 8 2 2 0
1637117347 723 211 155 82 132 89 36 22 15 16 8 2 2 0
1637117365 723 211 155 83 132 89 36 22 15 16 8 2 2 0
1637117414 723 211 155 84 132 89 36 22 15 16 8 2 2 0
1637120045 723 211 155 85 132 89 36 22 15 16 8 2 2 0
1637120069 723 211 155 86 132 89 36 22 15 16 8 2 2 0
1637122876 723 211 155 87 132 89 36 22 15 16 8 2 2 0
1637123383 723 211 155 88 132 89 36 22 15 16 8 2 2 0
1637134772 723 212 156 88 132 89 37 22 15 16 8 2 2 0
1637144654 723 212 157 88 132 89 37 22 15 16 8 2 2 0
1637145335 723 212 157 89 132 89 37 22 15 16 8 2 2 0
1637146195 723 212 157 89 132 89 37 22 15 16 8 2 2 1
1637153463 723 213 157 89 132 89 37 22 15 16 8 2 2 1
1637156825 723 213 157 94 132 89 37 22 16 16 8 2 2 1
1637201945 723 213 157 95 132 89 37 22 16 16 8 2 2 1
1637203402 723 213 157 96 132 89 37 22 16 16 8 2 2 1
1637203857 723 213 157 97 132 89 37 22 16 16 8 2 2 1
1637205902 724 213 157 97 132 89 37 22 16 16 8 2 2 1
1637209050 724 213 158 97 132 89 37 22 16 16 8 2 2 1
1637212806 724 213 159 97 132 89 37 22 16 16 8 2 2 1
1637212830 724 213 160 97 132 89 37 22 16 16 8 2 2 1
1637213446 725 213 160 98 132 89 37 22 16 16 8 2 2 1
1637214402 725 213 161 99 132 89 37 22 16 16 8 2 2 1
1637219396 725 213 161 100 132 89 37 22 16 16 8 2 2 1
1637222827 726 213 161 100 132 89 37 22 16 16 8 2 2 1
1637224596 726 213 161 100 132 90 37 22 16 16 8 2 2 1
1637234247 726 213 162 100 132 90 37 22 16 16 8 2 2 1
1637234848 726 213 163 100 132 90 37 22 16 16 8 2 2 1
1637252774 727 213 163 100 132 90 37 22 16 16 8 2 2 1
1637293271 727 214 163 100 132 90 37 22 16 16 8 2 2 1
1637293344 727 215 163 100 132 90 37 22 16 16 8 2 2 1
1637293839 727 216 163 100 132 90 37 22 16 16 8 2 2 1
1637294695 727 217 163 100 132 90 37 22 16 16 8 2 2 1
1637298122 727 218 163 100 132 90 37 22 16 16 8 2 2 1
1637298438 727 219 163 100 132 90 37 22 16 16 8 2 2 1
1637299526 727 220 163 100 132 90 37 22 16 16 8 2 2 1
1637302914 727 221 163 100 132 90 37 22 16 16 8 2 2 1
1637304271 727 222 163 100 132 90 37 22 16 16 8 2 2 1
1637307837 727 222 164 100 132 90 37 22 16 16 8 2 2 1
1637312459 727 223 164 100 132 90 37 22 16 16 8 2 2 1
1637312578 727 223 165 100 132 90 37 22 16 16 8 2 2 1
1637315400 727 224 165 100 132 90 37 22 16 16 8 2 2 1
1637551125 728 224 165 101 132 90 37 22 16 16 8 2 2 1
1637554703 728 225 165 101 132 90 37 22 16 16 8 2 2 1
1637570423 728 226 165 101 132 90 37 22 16 16 8 2 2 1
1637573184 728 227 165 101 132 90 37 22 16 16 8 2 2 1
1637576416 728 228 165 101 132 90 37 22 16 16 8 2 2 1
1637639060 728 228 166 101 132 90 37 22 16 16 8 2 2 1
1637642305 728 229 166 101 132 90 37 22 16 16 8 2 2 1
1637644597 728 230 166 101 132 90 37 22 16 16 8 2 2 1
1637652993 728 230 166 101 132 91 37 22 16 16 8 2 2 1
1637658065 728 231 166 101 132 91 37 22 16 16 8 2 2 1
1637662766 728 232 166 101 132 91 37 22 16 16 8 2 2 1
1637681994 728 232 167 101 132 91 37 22 16 16 8 2 2 1
1637682011 728 232 168 101 132 91 37 22 16 16 8 2 2 1
1637728622 729 232 168 101 132 91 37 22 16 16 8 2 2 1
1637750334 729 232 169 101 132 92 37 22 16 16 8 2 2 1
1637805860 729 233 170 101 132 92 37 22 16 16 8 2 2 1
1637826661 729 234 170 101 132 92 37 22 16 16 8 2 2 1
1637827784 729 235 170 101 132 92 37 22 16 16 8 2 2 1
1637852425 730 235 170 101 132 92 37 22 16 16 8 2 2 1
1637854438 730 235 170 101 132 92 37 23 16 16 8 2 2 1
1637890750 764 235 170 102 132 92 37 23 16 16 8 2 2 1
1637899662 765 235 170 102 132 92 37 23 16 16 8 2 2 1
1637899769 767 235 170 102 132 92 37 23 16 16 8 2 2 1
1637901188 768 235 170 102 132 92 37 23 16 16 8 2 2 1
1637902089 769 235 170 102 132 92 37 23 16 16 8 2 2 1
1637917040 770 235 170 102 132 92 37 23 16 16 8 2 2 1
1638170266 770 235 170 103 132 92 37 23 16 16 8 2 2 1
1638170481 770 235 170 104 132 92 37 23 16 16 8 2 2 1
1638172607 770 236 170 104 132 92 37 23 16 16 8 2 2 1
1638240942 772 237 170 104 132 92 37 23 16 16 8 2 2 1
1638259533 773 237 170 104 132 92 37 23 16 16 8 2 2 1
1638267872 774 237 170 104 132 92 37 23 16 16 8 2 2 1
1638268728 775 237 170 104 132 92 37 23 16 16 8 2 2 1
1638268747 776 237 170 104 132 92 37 23 16 16 8 2 2 1
1638269808 777 237 170 104 132 92 37 23 16 16 8 2 2 1
1638323056 777 238 170 104 132 92 37 23 16 16 8 2 2 1
1638343856 778 238 170 104 132 92 37 23 16 16 8 2 2 1
1638413821 778 239 170 104 132 92 37 23 16 16 8 2 2 1
1638432063 778 239 170 104 132 93 37 23 16 16 8 2 2 1
1638441486 778 239 170 105 132 93 37 23 16 16 8 2 2 1
1638443476 778 239 171 105 132 93 37 23 16 16 8 2 2 1
1638447375 778 239 171 105 132 93 37 24 16 16 8 2 2 1
1638496258 778 239 171 105 132 93 37 24 16 16 9 2 2 1
1638500679 778 240 171 105 132 93 37 24 16 16 9 2 2 1
1638503266 778 241 171 106 132 93 37 24 16 16 9 2 2 1
1638505158 778 241 171 107 132 93 37 24 16 16 9 2 2 1
1638506110 778 241 171 108 132 93 37 24 16 16 9 2 2 1
1638506355 778 241 171 109 132 93 37 24 16 16 9 2 2 1
1638506640 778 241 171 110 132 93 37 24 16 16 9 2 2 1
1638506785 778 242 171 111 132 93 37 24 16 16 9 2 2 1
1638516071 778 243 171 111 132 93 37 24 16 16 9 2 2 1
1638517593 778 244 171 112 132 93 37 24 16 16 9 2 2 1
1638517965 778 244 171 113 132 93 37 24 16 16 9 2 2 1
1638522066 778 244 171 114 132 93 37 24 16 16 9 2 2 1
1638525647 778 244 171 115 132 94 37 24 16 16 9 2 2 1
1638843464 778 245 171 115 132 94 37 24 16 16 9 2 2 1
1638845254 778 246 171 115 132 94 37 24 16 16 9 2 2 1
1638845292 778 247 171 115 132 94 37 24 16 16 9 2 2 1
1638845544 778 248 171 115 132 94 37 24 16 16 9 2 2 1
1638848435 778 249 171 115 132 94 37 24 16 16 9 2 2 1
1638861327 778 249 172 117 132 94 37 24 16 16 9 2 2 1
1638865849 778 249 172 118 132 94 37 24 16 16 9 2 2 1
1638870083 778 249 172 119 132 94 37 24 16 16 9 2 2 1
1638923516 778 250 172 119 132 94 37 24 16 16 9 2 2 1
1638927291 778 251 172 119 132 94 37 24 16 16 9 2 2 1
1638931768 778 251 172 120 132 94 37 24 16 16 9 2 2 1
1638935893 778 252 172 120 132 94 37 24 16 16 9 2 2 1
1638950994 779 252 172 120 132 94 37 24 16 16 9 2 2 1
1638956872 779 252 173 120 132 94 37 24 16 16 9 2 2 1
1638958171 779 253 173 120 132 94 37 24 16 16 9 2 2 1
1638958891 779 254 173 120 132 94 37 24 16 16 9 2 2 1
1639018981 780 254 173 120 132 94 37 24 16 16 9 2 2 1
1639034043 780 255 173 120 132 94 37 24 16 16 9 2 2 1
1639036427 780 256 173 120 132 94 37 24 16 16 9 2 2 1
1639055064 780 256 174 120 132 94 37 24 16 16 9 2 2 1
1639095169 780 256 174 121 132 94 37 24 16 16 9 2 2 1
1639096495 780 257 174 121 132 94 37 24 16 16 9 2 2 1
1639101030 780 258 174 122 132 94 37 24 16 16 9 2 2 1
1639110184 780 258 174 122 132 95 37 24 16 16 9 2 2 1
1639126531 780 260 174 122 132 96 38 24 16 16 9 2 2 1
1639130321 780 261 174 122 132 96 38 24 16 16 9 2 2 1
1639131808 780 262 174 122 132 96 38 24 16 16 9 2 2 1
1639364126 780 263 174 122 132 96 38 24 16 16 9 2 2 1
1639364613 780 264 174 122 132 96 38 24 16 16 9 2 2 1
1639384451 780 265 174 122 132 96 38 24 16 16 9 2 2 1
1639385848 780 266 174 122 132 96 38 24 16 16 9 2 2 1
1639386663 780 267 174 122 132 96 38 24 16 16 9 2 2 1
1639388583 780 268 174 122 132 96 38 24 16 16 9 2 2 1
1639390260 780 269 174 122 132 96 38 24 16 16 9 2 2 1
1639476676 780 270 174 122 132 96 38 24 16 16 9 2 2 1
1639540308 780 270 174 123 132 96 38 24 16 16 9 2 2 1
1639542375 780 270 174 124 132 96 38 24 16 16 9 2 2 1
1639550691 780 271 174 124 132 96 38 24 16 16 9 2 2 1
1639555434 780 272 174 124 132 96 38 24 16 16 9 2 2 1
1639559020 780 273 174 124 132 96 38 24 16 16 9 2 2 1
1639562662 780 274 174 126 132 96 38 24 16 16 9 2 2 1
1639642424 780 274 174 127 132 96 38 24 16 16 9 2 2 1
1639971731 781 274 174 127 132 96 38 24 16 16 9 2 2 1
1639973917 782 275 174 127 132 96 38 24 16 16 9 2 2 1
1639988003 782 275 174 127 132 97 38 24 16 16 9 2 2 1
1639989586 783 276 174 127 132 97 38 24 16 16 9 2 2 1
1639992567 783 277 174 128 132 97 38 24 16 16 9 2 2 1
1640157227 783 278 175 128 132 97 38 24 16 16 9 2 2 1
1640158035 783 278 175 128 132 97 38 25 16 16 9 2 2 1
1640164093 783 278 175 128 132 98 38 25 16 16 9 2 2 1
1640166360 783 279 175 128 132 98 38 25 16 16 9 2 2 1
1640227298 783 279 175 128 132 99 38 25 16 16 9 2 2 1
1640229900 783 280 175 128 132 99 38 25 16 16 9 2 2 1
1640232767 783 280 175 128 132 100 38 25 16 16 9 2 2 1
1640240471 783 280 176 128 132 100 38 25 16 16 9 2 2 1
1640252206 783 281 176 128 132 100 38 25 16 16 9 2 2 1
1640253164 783 282 176 128 132 100 38 25 16 16 9 2 2 1
1640267534 783 282 177 128 132 100 38 25 16 16 9 2 2 1
1640313909 784 282 177 128 132 100 38 25 16 16 9 2 2 1
1640314663 785 282 177 128 132 100 38 25 16 16 9 2 2 1
1640333843 785 282 177 128 132 101 38 25 16 16 9 2 2 1
1640335848 786 282 177 128 132 101 38 25 16 16 9 2 2 1
1640336138 787 282 177 128 132 101 38 25 16 16 9 2 2 1
1640337428 789 282 177 128 132 101 38 25 16 16 9 2 2 1
1640595020 789 283 177 128 132 101 38 25 16 16 9 2 2 1
1640599840 789 284 177 128 132 101 38 25 16 16 9 2 2 1
1640659331 791 284 177 128 132 101 38 25 16 16 9 2 2 1
1640682896 791 285 177 128 132 101 38 25 16 16 9 2 2 1
1640689716 791 285 178 128 132 101 38 25 16 16 9 2 2 1
1640690416 791 285 179 128 132 101 38 25 16 16 9 2 2 1
1640691411 791 285 180 128 132 101 38 25 16 16 9 2 2 1
1640694786 791 285 181 128 132 101 38 25 16 16 9 2 2 1
1640695400 791 285 182 128 132 101 38 25 16 16 9 2 2 1
1640746968 791 286 182 128 132 101 38 25 16 16 9 2 2 1
1640753677 791 286 182 128 132 102 38 25 16 16 9 2 2 1
1640759823 791 287 182 128 132 102 38 25 16 16 9 2 2 1
1640759940 791 288 182 128 132 102 38 25 16 16 9 2 2 1
1640770764 791 288 182 128 132 103 38 25 16 16 9 2 2 1
1640829328 791 289 182 129 132 103 38 25 16 16 9 2 2 1
1640834163 791 289 182 130 132 103 38 25 16 16 9 2 2 1
1640839768 791 289 182 131 132 103 38 25 16 16 9 2 2 1
1640839783 791 289 182 132 132 103 38 25 16 16 9 2 2 1
1640840802 791 289 182 133 132 103 38 25 16 16 9 2 2 1
1640846528 791 290 182 133 132 103 38 25 16 16 9 2 2 1
1640847677 791 291 182 133 132 103 38 25 16 16 9 2 2 1
1640848238 791 291 183 133 132 103 38 25 16 16 9 2 2 1
1640849978 791 292 183 133 132 103 38 25 16 16 9 2 2 1
1640851580 791 293 183 133 132 103 38 25 16 16 9 2 2 1
1640924587 795 293 184 133 132 103 38 25 16 16 9 2 2 1
1640937684 796 293 184 133 132 103 38 25 16 16 9 2 2 1
1640938506 797 293 184 133 132 103 38 25 16 16 9 2 2 1
1640944111 797 293 185 133 132 103 38 25 16 16 9 2 2 1
1640946906 797 293 186 133 132 103 38 25 16 16 9 2 2 1
1640948620 798 293 186 133 132 103 38 25 16 16 9 2 2 1
1641278789 798 294 186 133 132 103 38 25 16 16 9 2 2 1
1641284693 799 294 186 133 132 103 38 25 16 16 9 2 2 1
1641306054 799 294 186 133 132 103 38 25 17 16 9 2 2 1
1641357723 799 294 187 133 132 103 38 25 18 16 9 2 2 1
1641360165 799 294 187 134 132 103 38 25 18 16 9 2 2 1
1641370647 800 294 187 134 132 103 38 25 18 16 9 2 2 1
1641386862 801 294 187 135 132 103 38 25 18 16 9 2 2 1
1641452182 801 294 188 135 132 103 38 25 18 16 9 2 2 1
1641472093 802 295 188 135 132 103 38 25 18 16 9 2 2 1
1641474136 803 295 188 135 132 103 38 25 18 16 9 2 2 1
1641529947 803 296 188 135 132 103 38 25 18 16 9 2 2 1
1641531949 803 297 188 135 132 103 38 25 18 16 9 2 2 1
1641537954 803 298 188 135 132 103 38 25 18 16 9 2 2 1
1641541662 803 298 188 135 132 104 38 25 18 16 9 2 2 1
1641545622 804 298 188 135 132 104 38 25 18 16 9 2 2 1
1641739489 804 298 188 135 132 105 38 25 18 16 9 2 2 1
1641801729 805 298 188 135 132 105 38 25 18 16 9 2 2 1
1641801779 806 298 188 135 132 105 38 25 18 16 9 2 2 1
1641811966 807 298 188 135 132 105 38 25 18 16 9 2 2 1
1641875117 808 298 188 135 132 105 38 25 18 16 9 2 2 1
1641878018 809 298 188 135 132 105 38 25 18 16 9 2 2 1
1641957752 809 298 188 136 132 105 38 25 18 16 9 2 2 1
1641993124 809 298 189 136 132 105 38 25 18 16 9 2 2 1
1642043029 809 298 190 136 132 105 38 25 18 16 9 2 2 1
1642045953 810 298 190 136 132 105 38 25 18 16 9 2 2 1
1642046064 811 298 190 136 132 105 38 25 18 16 9 2 2 1
1642056416 811 298 191 136 132 105 38 25 18 16 9 2 2 1
1642067178 812 298 191 136 132 105 38 25 18 16 9 2 2 1
1642146125 813 298 191 136 132 105 38 25 18 16 9 2 2 1
1642146976 814 298 191 136 132 105 38 25 18 16 9 2 2 1
1642148268 815 298 191 136 132 105 38 25 18 16 9 2 2 1
1642148285 816 298 191 136 132 105 38 25 18 16 9 2 2 1
1642213888 817 298 191 136 132 105 38 25 18 16 9 2 2 1
1642479503 817 299 191 136 132 105 38 25 18 16 9 2 2 1
1642560368 817 299 192 136 132 105 38 25 20 16 9 2 2 1
1642562172 817 299 192 136 132 106 38 25 21 16 9 2 2 1
1642564608 817 299 193 136 132 106 38 25 21 16 9 2 2 1
1642581377 818 299 193 136 132 106 38 25 21 16 9 2 2 1
1642583134 818 300 193 136 132 107 38 25 21 16 9 2 2 1
1642594781 818 300 193 136 132 108 38 25 21 16 9 2 2 1
1642646607 818 300 193 136 132 109 38 25 21 16 9 2 2 1
1642653906 818 300 193 136 132 110 38 25 21 16 9 2 2 1
