1609730223 51 0 0 0 0 0 0 0 0 0 0 0 0 0
1609731120 104 0 0 0 0 0 0 0 0 0 0 0 0 0
1609731326 127 0 0 0 0 0 0 0 0 0 0 0 0 0
1609731717 185 0 0 0 0 0 0 0 0 0 0 0 0 0
1609744886 187 0 0 0 0 0 0 0 0 0 0 0 0 0
1609744939 190 0 0 0 0 0 0 0 0 0 0 0 0 0
1609745240 214 0 0 0 0 0 0 0 0 0 0 0 0 0
1609746363 232 0 0 0 0 0 0 0 0 0 0 0 0 0
1609752127 232 0 0 0 23 0 0 0 0 0 0 0 0 0
1609757760 237 0 0 0 23 0 0 0 0 0 0 0 0 0
1609758099 256 0 0 0 23 0 0 0 0 0 0 0 0 0
1609761000 256 0 0 0 23 0 0 0 0 0 3 0 0 0
1609761538 259 0 0 0 23 0 0 0 0 0 3 0 0 0
1609813754 501 0 0 0 23 0 0 0 0 0 3 0 0 0
1609820204 583 0 0 0 23 0 0 0 0 0 3 0 0 0
1609820503 634 0 0 0 23 0 0 0 0 0 3 0 0 0
1609834131 646 0 0 0 23 0 0 0 0 0 3 0 0 0
1609834339 710 0 0 0 23 0 0 0 0 0 3 0 0 0
1609842140 732 0 0 0 23 0 0 0 0 0 3 0 0 0
1609849301 743 0 0 0 23 0 0 0 0 0 3 0 0 0
1609852915 747 0 0 0 23 0 0 0 0 0 3 0 0 0
1609902655 747 0 0 0 54 0 0 0 0 0 3 0 0 0
1609998901 747 0 0 0 54 0 62 0 0 0 3 0 0 0
1610009539 1277 0 0 0 58 0 62 0 0 0 3 0 0 0
1610022016 1280 0 0 0 58 0 62 0 0 0 3 0 0 0
1610022819 1309 0 0 0 58 0 62 0 0 0 3 0 0 0
1610023601 1327 0 0 0 58 0 62 0 0 0 3 0 0 0
1610025338 1346 0 0 0 58 0 62 0 0 0 3 0 0 0
1610071410 1386 0 0 0 58 0 62 0 0 0 3 0 0 0
1610072479 1394 0 0 0 58 0 62 0 0 0 3 0 0 0
1610072831 1399 0 0 0 58 0 62 0 0 0 3 0 0 0
1610088041 1406 0 0 0 58 0 62 0 0 0 3 0 0 0
1610092083 1407 0 0 0 58 0 62 0 0 0 3 0 0 0
1610099840 1411 0 0 0 58 0 62 0 0 0 3 0 0 0
1610114355 1413 0 0 0 58 0 62 0 0 0 3 0 0 0
1610349747 1415 0 0 0 58 0 62 0 0 0 3 0 0 0
1610354985 1420 0 0 0 58 0 62 0 0 0 3 0 0 0
1610358130 1421 0 0 0 58 0 62 0 0 0 3 0 0 0
1610360314 1439 0 0 0 58 0 62 0 0 0 3 0 0 0
1610362692 1440 0 0 0 58 0 62 0 0 0 3 0 0 0
1610380534 1451 0 0 0 58 0 62 0 0 0 3 0 0 0
1610416447 1454 0 0 0 58 0 62 0 0 0 3 0 0 0
1610416466 1454 0 0 0 58 0 62 0 0 0 3 0 0 0
1610416474 1457 0 0 0 58 0 62 0 0 0 3 0 0 0
1610417736 1503 0 0 0 58 0 62 0 0 0 3 0 0 0
1610436451 1515 0 0 0 58 0 62 0 0 0 3 0 0 0
1610438163 1563 0 0 0 58 0 62 0 0 0 3 0 0 0
1610443723 1569 0 0 0 58 0 62 0 0 0 3 0 0 0
1610446579 1570 0 0 0 58 0 62 0 0 0 3 0 0 0
1610502849 1606 0 0 0 58 0 62 0 0 0 3 0 0 0
1610511384 1621 0 0 0 58 0 62 0 0 0 3 0 0 0
1610515225 1641 0 0 0 58 0 62 0 0 0 3 0 0 0
1610523449 1645 0 0 0 58 0 62 0 0 0 3 0 0 0
1610523502 1656 0 0 0 58 0 62 0 0 0 3 0 0 0
1610550075 1656 0 0 0 58 0 62 0 0 0 3 0 0 0
1610550346 1656 0 0 0 58 0 62 0 0 0 3 0 0 0
1610550532 1659 0 0 0 58 0 62 0 0 0 3 0 0 0
1610550818 1659 0 0 0 58 0 62 0 0 0 3 0 0 0
1610550997 1687 0 0 0 58 0 62 0 0 0 3 0 0 0
1610551041 1687 0 0 0 58 0 62 0 0 0 3 0 0 0
1610551059 1694 0 0 0 58 0 62 0 0 0 3 0 0 0
1610551095 1694 0 0 0 58 0 62 0 0 0 3 0 0 0
1610551131 1694 0 0 0 58 0 62 0 0 0 3 0 0 0
1610588441 1699 0 0 0 58 0 62 0 0 0 3 0 0 0
1610588567 1705 0 0 0 58 0 62 0 0 0 3 0 0 0
1610588896 1710 0 0 0 58 0 62 0 0 0 3 0 0 0
1610591037 1712 0 0 0 58 0 62 0 0 0 3 0 0 0
1610597607 1761 0 0 0 58 0 62 0 0 0 3 0 0 0
1610597628 1780 0 0 0 58 0 62 0 0 0 3 0 0 0
1610597924 1781 0 0 0 58 0 62 0 0 0 3 0 0 0
1610608242 2167 0 0 0 58 0 62 0 0 0 3 0 0 0
1610608702 2183 0 0 0 58 0 62 0 0 0 3 0 0 0
1610610853 2277 0 0 0 58 0 62 0 0 0 3 0 0 0
1610614152 2284 0 0 0 58 0 62 0 0 0 3 0 0 0
1610614440 2284 0 0 0 58 0 62 0 0 0 3 0 0 0
1610616721 2515 0 0 0 58 0 62 0 0 0 3 0 0 0
1610617119 2515 5 0 0 58 0 62 0 0 0 3 0 0 0
1610622660 2682 5 0 0 58 0 62 0 0 0 3 0 0 0
1610637051 2849 5 0 0 58 0 62 0 0 0 3 0 0 0
1610637737 2856 5 0 0 58 0 62 0 0 0 3 0 0 0
1610674514 2857 5 0 0 58 0 62 0 0 0 3 0 0 0
1610676742 2862 5 0 0 58 0 62 0 0 0 3 0 0 0
1610676760 2867 5 0 0 58 0 62 0 0 0 3 0 0 0
1610676861 2867 5 0 0 58 0 62 0 0 0 3 0 0 0
1610677410 2867 5 0 0 58 0 62 0 0 0 3 0 0 0
1610677451 2873 5 0 0 58 0 62 0 0 0 3 0 0 0
1610687251 2873 5 0 0 58 0 62 0 0 0 3 0 0 0
1610687983 2939 5 0 0 58 0 62 0 0 0 3 0 0 0
1610688017 2939 5 0 0 58 0 62 0 0 0 3 0 0 0
1610688103 2962 5 0 0 58 0 62 0 0 0 3 0 0 0
1610688382 2963 5 0 0 58 0 62 0 0 0 3 0 0 0
1610688583 2967 5 0 0 58 0 62 0 0 0 3 0 0 0
1610688637 2979 5 0 0 58 0 62 0 0 0 3 0 0 0
1610855899 3152 5 0 0 58 0 62 0 0 0 3 0 0 0
1610856301 3221 5 0 0 58 0 62 0 0 0 3 0 0 0
1610858111 3611 5 0 0 58 0 62 0 0 0 3 0 0 0
1610884517 3674 5 0 0 58 0 62 0 0 0 3 0 0 0
1610885841 3674 5 0 0 58 0 62 0 0 0 3 0 0 0
1610886222 3719 5 0 0 58 0 62 0 0 0 3 0 0 0
1610886477 3724 5 0 0 58 0 62 0 0 0 3 0 0 0
1610941172 3737 5 0 0 58 0 62 0 0 0 3 0 0 0
1610941280 3740 5 0 0 58 0 62 0 0 0 3 0 0 0
1610947372 3769 5 0 0 58 0 62 0 0 0 3 0 0 0
1610960168 3769 15 0 0 58 0 62 0 0 0 3 0 0 0
1610960201 3769 29 0 0 58 0 62 0 0 0 3 0 0 0
1610962466 3770 29 0 0 58 0 62 0 0 0 3 0 0 0
1610972919 3770 30 0 0 58 0 62 0 0 0 3 0 0 0
1611024519 3770 31 6 0 58 0 62 0 0 0 3 0 0 0
1611039336 3778 31 13 0 58 0 62 0 0 0 3 0 0 0
1611040216 3783 31 13 0 58 0 62 0 0 0 3 0 0 0
1611041050 3801 31 13 0 58 0 62 0 0 0 3 0 0 0
1611044692 3809 31 13 0 58 0 62 0 0 0 3 0 0 0
1611048350 3839 31 13 0 58 0 62 0 0 0 3 0 0 0
1611051174 3861 31 13 0 58 0 62 0 0 0 3 0 0 0
1611051955 3899 31 13 0 58 0 62 0 0 0 3 0 0 0
1611052065 3913 31 13 0 58 0 62 0 0 0 3 0 0 0
1611052142 3914 31 13 0 58 0 62 0 0 0 3 0 0 0
1611052181 3914 31 13 0 58 0 62 0 0 0 3 0 0 0
1611052264 3935 31 13 0 58 0 62 0 0 0 3 0 0 0
1611107568 4050 31 13 0 58 0 62 0 0 0 3 0 0 0
1611110440 4059 31 13 0 58 0 62 0 0 0 3 0 0 0
1611110590 4073 31 13 0 58 0 62 0 0 0 3 0 0 0
1611113574 4085 31 13 0 58 0 62 0 0 0 3 0 0 0
1611113707 4102 31 13 0 58 0 62 0 0 0 3 0 0 0
1611113781 4187 31 13 0 58 0 62 0 0 0 3 0 0 0
1611113956 4195 31 13 0 58 0 62 0 0 0 3 0 0 0
1611127939 4200 31 13 0 58 0 62 0 0 0 3 0 0 0
1611213468 4244 31 13 0 58 0 62 0 0 0 3 0 0 0
1611222474 4244 31 13 0 58 0 62 0 0 0 15 0 0 0
1611303923 4246 31 13 0 58 0 62 0 0 0 15 0 0 0
1611304274 4263 31 13 0 58 0 62 0 0 0 15 0 0 0
1611304496 4263 31 13 0 58 0 62 0 0 0 15 0 0 0
1611329323 4265 31 13 0 58 0 62 0 0 0 15 0 0 0
1611556058 4272 31 13 0 58 0 67 0 0 0 15 0 0 0
1611648950 4286 31 13 0 58 0 67 0 0 0 15 0 0 0
1611649081 4290 31 13 0 58 0 67 0 0 0 15 0 0 0
1611660129 4303 31 13 0 58 0 67 0 0 0 15 0 0 0
1611662390 4317 31 13 0 58 0 67 0 0 0 15 0 0 0
1611662415 4354 31 13 0 58 0 67 0 0 0 15 0 0 0
1611711290 4354 31 13 0 71 0 67 0 0 0 15 0 0 0
1611718474 4467 31 13 0 71 0 67 0 0 0 15 0 0 0
1611754095 4468 31 13 0 71 0 67 0 0 0 15 0 0 0
1611806828 4506 31 13 0 71 0 67 0 0 0 15 0 0 0
1611806879 4510 31 13 0 71 0 67 0 0 0 15 0 0 0
1611807055 4510 31 13 0 71 0 67 0 0 0 15 0 0 0
1611826183 4510 31 13 0 71 0 173 0 0 0 15 0 0 0
1611889009 4557 31 13 0 71 0 173 0 0 0 15 0 0 0
1611889324 4583 31 13 0 71 0 173 0 0 0 15 0 0 0
1611891671 4583 31 13 0 71 0 191 0 0 0 15 0 0 0
1611903408 4583 31 13 0 71 0 191 0 0 0 15 0 0 0
1612145838 4583 31 13 0 71 0 191 0 0 0 15 0 0 0
1612148101 4688 31 13 0 71 0 191 0 0 0 15 0 0 0
1612179279 4712 31 13 0 71 0 191 0 0 0 15 0 0 0
1612180215 4721 31 13 0 71 0 191 0 0 0 15 0 0 0
1612181272 4724 31 13 0 71 0 191 0 0 0 15 0 0 0
1612243992 4724 31 16 0 71 0 191 0 0 0 15 0 0 0
1612257780 4764 31 16 0 71 0 191 0 0 0 15 0 0 0
1612344570 4765 31 16 0 71 0 191 0 0 0 15 0 0 0
1612348516 4769 36 16 0 71 0 191 0 0 0 15 0 0 0
1612351952 4769 36 16 0 71 0 191 0 0 0 15 0 0 0
1612357939 4769 36 16 0 71 0 191 0 6 0 15 0 0 0
1612359221 4769 36 16 0 71 0 191 0 21 0 15 0 0 0
1612360447 4769 36 16 0 71 0 191 0 31 0 15 0 0 0
1612361807 4769 36 16 0 71 0 191 0 32 0 15 0 0 0
1612523736 4769 36 16 0 74 0 191 0 32 0 15 0 0 0
1612615626 4770 36 16 0 74 0 191 0 32 0 15 0 0 0
1612669226 4884 36 16 0 74 0 191 0 32 0 15 0 0 0
1612671758 4896 36 16 0 74 0 191 0 32 0 15 0 0 0
1612675719 4898 36 16 0 74 0 191 0 32 0 15 0 0 0
1612695190 4905 36 16 0 74 0 191 0 32 0 15 0 0 0
1612706115 5003 36 16 0 74 0 191 0 32 0 15 0 0 0
1612706275 5070 36 16 0 74 0 191 0 32 0 15 0 0 0
1612750103 5080 36 16 0 74 0 191 0 32 0 15 0 0 0
1612755751 5105 36 16 0 74 0 191 0 32 0 15 0 0 0
1613724270 5110 36 16 0 74 0 191 0 32 0 15 0 0 0
1613724282 5116 36 16 0 74 0 191 0 32 0 15 0 0 0
1613988668 5116 79 16 0 74 0 191 0 32 0 15 0 0 0
1613990323 5123 79 16 0 74 0 191 0 32 0 15 0 0 0
1613991137 5182 112 16 0 74 0 191 0 32 0 15 0 0 0
1614053634 5213 112 16 0 74 0 191 0 32 0 15 0 0 0
1614059949 5220 112 16 0 74 0 191 0 32 0 15 0 0 0
1614138293 5220 144 16 0 74 0 191 0 32 0 15 0 0 0
1614141613 5231 144 16 0 74 0 191 0 32 0 15 0 0 0
1614155329 5280 144 16 0 74 0 191 0 32 0 15 0 0 0
1614155447 5325 144 16 0 74 0 191 0 32 0 15 0 0 0
1614158275 5339 144 16 0 74 0 191 0 32 0 15 0 0 0
1614159459 5340 144 16 0 74 0 191 0 32 0 15 0 0 0
1614159480 5345 144 16 0 74 0 191 0 32 0 15 0 0 0
1614173508 5346 144 16 0 74 0 191 0 32 0 15 0 0 0
1614221229 5346 144 17 0 74 0 191 0 32 0 15 0 0 0
1614222563 5346 944 17 0 74 0 191 0 32 0 15 0 0 0
1614253135 5347 944 17 0 74 0 191 0 32 0 15 0 0 0
1614308342 5347 944 17 0 74 0 191 0 32 0 15 0 0 0
1614308366 5527 944 17 0 74 0 191 0 32 0 15 0 0 0
1614573111 5527 1038 17 0 74 0 191 0 32 0 15 0 0 0
1614574459 5527 1216 17 0 74 0 191 0 32 0 15 0 0 0
1614592534 5580 1216 17 0 74 0 191 0 32 0 15 0 0 0
1614595362 5653 1216 17 0 74 0 191 0 32 0 15 0 0 0
1614597308 5687 1216 17 0 74 0 191 0 32 0 15 0 0 0
1614603962 5720 1216 17 0 74 0 191 0 32 0 15 0 0 0
1614654685 5720 1222 17 0 74 0 191 0 32 0 15 0 0 0
1614656550 5886 1222 23 0 74 0 191 0 32 0 15 0 0 0
1614678011 5886 1222 35 0 74 0 191 0 32 0 15 0 0 0
1614678683 5893 1222 35 0 74 0 191 0 32 0 15 0 0 0
1614679657 5893 1222 35 0 74 0 191 0 32 0 15 0 0 0
1614684145 5913 1222 38 0 74 0 191 0 32 0 15 0 0 0
1614689148 5924 1222 38 0 74 0 191 0 32 0 15 0 0 0
1614830824 5927 1222 38 0 74 0 191 0 32 0 15 0 0 0
1615188211 5927 1226 38 0 74 0 191 0 32 0 15 0 0 0
1615189196 5938 1226 38 0 74 0 191 0 32 0 15 0 0 0
1615190562 5943 1254 38 0 74 0 191 0 32 0 15 0 0 0
1615256382 5943 1254 514 0 74 0 191 0 32 0 15 0 0 0
1615258037 5943 1254 516 0 74 0 191 0 32 0 15 0 0 0
1615258055 5943 1254 526 0 74 0 191 0 32 0 15 0 0 0
1615265043 5943 1254 702 0 74 0 191 0 32 0 15 0 0 0
1615265905 5943 1254 820 0 74 0 191 0 32 0 15 0 0 0
1615265925 5943 1254 938 0 74 0 191 0 32 0 15 0 0 0
1615269113 5943 1254 1067 0 74 0 191 0 32 0 15 0 0 0
1615275802 5943 1254 1067 0 74 592 191 0 32 0 15 0 0 0
1615276582 5943 1254 1067 0 74 594 191 0 32 0 15 0 0 0
1615276681 5943 1254 1067 0 74 598 191 0 32 0 15 0 0 0
1615276755 5943 1254 1067 0 74 598 191 0 32 0 15 0 0 0
1615276968 5943 1254 1067 0 74 626 191 0 32 0 15 0 0 0
1615277427 5943 1254 1067 0 74 630 191 0 32 0 15 0 0 0
1615277817 5943 1254 1067 0 74 633 191 0 32 0 15 0 0 0
1615277918 5943 1254 1067 0 74 658 191 0 32 0 15 0 0 0
1615303439 5943 1254 1086 0 74 658 191 0 32 0 15 0 0 0
1615342659 5943 1254 1101 0 74 658 191 0 32 0 15 0 0 0
1615342851 5943 1254 1121 0 74 658 191 0 32 0 15 0 0 0
1615357360 5943 1254 1180 0 74 658 191 0 32 0 15 0 0 0
1615359231 5943 1254 1180 0 74 660 191 0 32 0 15 0 0 0
1615360276 5943 1254 1182 0 74 660 191 0 32 0 15 0 0 0
1615371108 5943 1254 1211 0 74 660 191 0 32 0 15 0 0 0
1615386308 5943 1254 1232 0 74 660 191 0 32 0 15 0 0 0
1615386905 5943 1254 1234 0 74 660 191 0 32 0 15 0 0 0
1615455569 5987 1254 1235 0 74 660 191 0 32 0 15 0 0 0
1615463420 5987 1254 1235 0 74 664 191 0 32 0 15 0 0 0
1615556858 5987 1254 1235 0 74 664 191 0 38 0 15 0 0 0
1615558340 5987 1254 1235 0 74 664 191 0 41 0 15 0 0 0
1615562456 5987 1254 1235 0 74 664 191 0 42 0 15 0 0 0
1615648335 5987 1254 1237 0 74 664 191 0 42 0 15 0 0 0
1615693931 5987 1254 1244 0 74 664 191 0 42 0 15 0 0 0
1615693970 5987 1254 1247 0 74 664 191 0 42 0 15 0 0 0
1615697583 5987 1254 1259 0 74 664 191 0 42 0 15 0 0 0
1615775929 5989 1254 1259 0 74 664 191 0 42 0 15 0 0 0
1615776261 6059 1254 1259 0 74 664 191 0 42 0 15 0 0 0
1615863725 6096 1254 1259 0 74 664 191 0 42 0 15 0 0 0
1615863894 6134 1254 1259 0 74 664 191 0 42 0 15 0 0 0
1615864476 6134 1254 1259 0 74 664 191 0 48 0 15 0 0 0
1615866588 6140 1254 1259 0 74 664 191 0 53 0 15 0 0 0
1615868098 6140 1254 1290 0 74 664 191 0 53 0 15 0 0 0
1615870587 6140 1254 1306 0 74 664 191 0 53 0 15 0 0 0
1615872660 6140 1254 1306 0 74 664 191 0 53 0 15 0 0 0
1615883164 6140 1254 1306 0 74 666 191 0 53 0 15 0 0 0
1615894363 6140 1254 1306 0 74 666 191 0 55 0 15 0 0 0
1615968696 6140 1266 1306 0 74 666 191 0 55 0 15 0 0 0
1615973897 6140 1268 1306 0 74 666 191 0 55 0 15 0 0 0
1616033790 6140 1268 1306 0 74 670 191 0 55 0 15 0 0 0
1616145460 6140 1268 1306 0 74 670 191 0 55 4 15 0 0 0
1616152477 6140 1268 1306 0 74 787 191 0 55 4 15 0 0 0
1616152503 6140 1268 1306 0 74 831 191 0 55 4 15 0 0 0
1616383660 6141 1268 1306 0 74 831 191 0 55 4 15 0 0 0
1616384308 6141 1268 1306 0 74 890 191 0 55 4 15 0 0 0
1616386331 6143 1268 1306 0 74 890 191 0 55 4 15 0 0 0
1616392399 6147 1268 1306 0 74 890 191 0 55 4 15 0 0 0
1616401379 6168 1268 1306 0 74 890 191 0 55 4 15 0 0 0
1616401495 6181 1268 1306 0 74 890 191 0 55 4 15 0 0 0
1616401519 6183 1268 1306 0 74 890 191 0 55 4 15 0 0 0
1616401746 6193 1268 1306 0 74 890 191 0 55 4 15 0 0 0
1616405050 6212 1268 1306 0 74 890 191 0 55 4 15 0 0 0
1616407402 6212 1268 1306 0 74 890 191 0 55 4 15 0 0 0
1616414134 6245 1268 1306 0 74 890 191 0 55 4 15 0 0 0
1616414801 6250 1268 1306 0 74 890 191 0 55 4 15 0 0 0
1616475944 6262 1268 1306 0 74 890 191 0 55 4 15 0 0 0
1616554621 6263 1268 1306 0 74 890 191 0 55 4 15 0 0 0
1616578896 6284 1268 1306 0 74 1165 191 0 55 4 15 0 0 0
1616579623 6284 1268 1306 0 74 1166 191 0 55 4 15 0 0 0
1616581380 6284 1268 1306 0 74 1167 191 0 55 4 15 0 0 0
1616583399 6284 2025 1306 0 74 1174 191 0 55 4 15 0 0 0
1616744655 6284 2030 1306 0 74 1318 191 0 55 4 15 0 0 0
1616763384 6550 2030 1306 0 74 1318 191 0 55 4 15 0 0 0
1616899729 6554 2030 1306 0 74 1318 191 0 55 4 15 0 0 0
1616903957 6558 2030 1306 0 74 1318 191 0 55 4 15 0 0 0
1616904003 6561 2030 1306 0 74 1318 191 0 84 4 15 0 0 0
1617002711 6561 2032 1306 0 74 1318 191 0 84 4 15 0 0 0
1617008300 6561 2032 1306 0 74 1318 191 0 84 4 15 0 0 0
1617011998 6565 2107 1306 0 74 1318 191 0 84 4 15 0 0 0
1617015064 6565 2145 1306 0 74 1318 191 0 84 4 15 0 0 0
1617016493 6571 2145 1306 0 74 1318 191 0 84 4 15 0 0 0
1617077113 6571 2145 1306 0 79 1348 191 0 84 4 15 0 0 0
1617101512 6655 2145 1306 0 79 1348 191 0 84 4 15 0 0 0
1617101569 6720 2145 1306 0 79 1348 191 0 84 4 15 0 0 0
1617102176 6720 2145 1306 0 79 1348 191 0 84 4 15 0 0 0
1617113153 6724 2145 1306 0 79 1348 191 0 84 4 15 0 0 0
1617114318 6725 2145 1306 0 79 1348 191 0 84 4 15 0 0 0
1617163856 7161 2145 1306 0 79 1348 191 0 84 4 15 0 0 0
1617163962 7198 2145 1306 0 79 1348 191 0 84 4 15 0 0 0
1617173922 7241 2145 1306 0 79 1348 191 0 84 4 15 0 0 0
1617175992 7256 2145 1306 0 79 1348 191 0 84 4 15 0 0 0
1617183091 7258 2145 1306 0 79 1348 191 0 84 4 15 0 0 0
1617183481 7260 2145 1306 0 79 1348 191 0 84 4 15 0 0 0
1617183748 7262 2145 1306 0 79 1348 191 0 84 4 15 0 0 0
1617197466 7262 2145 1306 0 81 1348 191 0 84 4 15 0 0 0
1617236093 7262 2145 1306 0 82 1348 191 0 84 4 15 0 0 0
1617246259 7287 2145 1306 0 82 1348 191 0 84 4 15 0 0 0
1617263468 7314 2145 1306 0 82 1348 191 0 84 4 15 0 0 0
1617264571 7339 2145 1306 0 82 1348 191 0 84 4 15 0 0 0
1617264976 7344 2145 1306 0 82 1348 191 0 84 4 15 0 0 0
1617265463 7418 2601 1306 0 82 1348 191 0 84 4 15 0 0 0
1617268963 7418 2601 1306 0 146 1348 191 0 84 4 15 0 0 0
1617345108 7418 2601 1306 0 150 1348 191 0 84 4 15 0 0 0
1617346403 7418 2601 1306 0 151 1348 191 0 84 4 15 0 0 0
1617346443 7418 2601 1306 0 154 1348 191 0 84 4 15 0 0 0
1617349284 7419 2601 1306 0 154 1348 191 0 84 4 15 0 0 0
1617409760 7419 2601 1306 0 154 1348 191 0 84 4 16 0 0 0
1617672870 7419 2601 1306 0 157 1348 191 0 84 4 16 0 0 0
1617764082 7419 2602 1306 0 157 1348 191 0 84 4 16 0 0 0
1617764274 7422 2602 1306 0 157 1348 191 0 84 4 16 0 0 0
1617781659 7422 2602 1306 0 157 1353 191 0 84 4 16 0 0 0
1617784566 7516 2602 1306 0 157 1353 191 0 84 4 16 0 0 0
1617794931 7516 2602 1306 0 161 1353 191 0 84 4 16 0 156 0
1617843663 7516 2602 1306 0 162 1353 191 0 84 4 16 0 156 0
1617852353 7516 2602 1306 0 162 1362 191 0 84 4 16 0 156 0
1617853103 7516 2602 1306 0 162 1365 191 0 84 4 16 0 156 0
1617855429 7732 2602 1306 0 162 1365 191 0 84 4 16 0 156 0
1617875102 7736 2602 1306 0 162 1365 191 0 84 4 16 0 156 0
1617879132 7736 2602 1306 0 165 1365 197 0 84 4 16 0 156 0
1617928324 7736 2602 1306 0 166 1365 197 0 84 4 16 0 156 0
1617936692 7746 2602 1306 0 166 1365 197 0 84 4 16 0 156 0
1618371768 7755 2602 1306 0 166 1365 197 0 84 4 16 0 156 0
1618382822 7755 2602 1306 0 166 1371 197 0 84 4 16 0 156 0
1618392818 7755 2602 1306 0 168 1371 197 0 84 4 16 0 156 0
1618449897 7755 2602 1306 0 170 1371 197 0 84 4 16 0 156 0
1618457114 7755 2602 1306 0 182 1371 197 0 84 4 16 0 156 0
1618471061 7755 2602 1306 0 182 1391 197 0 84 4 16 0 156 0
1618472601 7759 2602 1306 0 182 1391 210 0 84 4 16 0 156 0
1618479841 7760 2602 1306 0 182 1391 210 0 84 4 16 0 156 0
1618481962 7760 2602 1306 0 182 1391 211 0 84 4 16 0 156 0
1618481987 7760 2602 1306 0 182 1391 213 0 84 4 16 0 156 0
1618482825 7760 2602 1306 0 182 1391 213 0 84 4 16 0 156 0
1618568978 7760 2602 1306 0 182 1391 403 0 84 4 16 0 156 0
1618821162 7760 2602 1306 0 182 1391 423 0 84 4 16 0 156 0
1618926710 7967 2602 1306 0 185 1391 423 0 84 4 16 0 156 0
1618981073 7975 2602 1306 0 185 1391 423 0 84 4 16 0 156 0
1618981593 7983 2602 1306 0 185 1391 423 0 84 4 16 0 156 0
1619053179 7989 2602 1306 0 185 1391 423 0 84 4 16 0 156 0
1619073519 7989 2602 1306 0 187 1391 423 0 84 4 16 0 156 0
1619078547 7993 2602 1306 0 187 1391 423 0 84 4 16 0 156 0
1619085134 7997 2602 1306 0 187 1391 423 0 84 4 16 0 156 0
1619145755 7997 2602 1306 0 187 1391 474 0 84 4 16 0 156 0
1619151927 7997 2602 1306 0 187 1391 476 0 84 4 16 0 156 0
1619152050 7997 2602 1306 0 187 1391 477 0 84 4 16 0 156 0
1619153750 7997 2602 1306 0 187 1391 514 0 84 4 16 0 156 0
1619155846 7997 2602 1306 0 187 1391 515 0 84 4 16 0 156 0
1619156001 7997 2602 1306 0 187 1391 516 0 84 4 16 0 156 0
1619170643 8018 2602 1306 0 187 1391 516 0 84 4 16 0 156 0
1619171800 8055 2602 1306 0 187 1391 516 0 84 4 16 0 156 0
1619171828 8060 2602 1306 0 187 1391 516 0 84 4 16 0 156 0
1619403005 8066 2602 1306 0 187 1391 516 0 84 4 16 0 156 0
1619431676 8066 2602 1418 0 187 1391 516 0 84 4 16 0 156 0
1619512335 8095 2602 1418 0 187 1391 516 0 84 4 16 0 156 0
1619512644 8116 2602 1418 0 187 1391 516 0 84 4 16 0 156 0
1619515744 8116 2602 1418 0 187 1429 516 0 84 4 16 0 156 0
1619520166 8116 2602 1418 0 187 1512 516 0 84 4 16 0 156 0
1619579217 8118 2602 1418 0 187 1514 516 0 84 4 16 0 156 0
1619622060 8191 2602 1418 0 187 1514 516 0 84 4 16 0 156 0
1619695558 8194 2602 1418 0 187 1514 516 0 84 4 16 0 156 0
1619881429 8199 2602 1418 0 187 1514 516 0 84 4 16 0 156 0
1620266989 8201 2602 1418 0 187 1514 516 0 84 4 16 0 156 0
1620293015 8202 2602 1418 0 187 1514 516 0 84 4 16 0 156 0
1620293032 8204 2602 1418 0 187 1514 516 0 84 4 16 0 156 0
1620293045 8207 2602 1418 0 187 1514 516 0 84 4 16 0 156 0
1620401244 8211 2602 1418 0 187 1514 516 0 84 4 16 0 156 0
1620403470 8240 2602 1418 0 187 1514 516 0 84 4 16 0 156 0
1620436557 8247 2602 1418 0 187 1514 516 0 84 4 16 0 156 0
1620436856 8251 2602 1418 0 187 1514 516 0 84 4 16 0 156 0
1620437608 8258 2602 1418 0 187 1514 516 0 84 4 16 0 156 0
1620447324 8270 2602 1418 0 187 1514 516 0 84 4 16 0 156 0
1620631650 8406 2602 1418 0 187 1514 516 0 84 4 16 0 156 0
1620643286 8573 2602 1418 0 187 1514 516 0 84 4 16 0 156 0
1620656418 8723 2602 1418 0 187 1514 516 0 84 4 16 0 156 0
1620656726 8747 2602 1418 0 187 1514 516 0 84 4 16 0 156 0
1620664197 8753 2602 1418 0 187 1514 516 0 84 4 16 0 156 0
1620702030 9065 2602 1418 0 187 1514 516 0 84 4 16 0 156 0
1620722363 9105 2602 1418 0 187 1514 516 0 84 4 16 0 156 0
1620785342 9106 2602 1418 0 193 1514 516 0 84 4 16 0 156 0
1620803447 9106 2602 1418 0 193 1514 516 0 84 4 16 0 156 0
1620804115 9250 2602 1418 0 195 1514 516 0 84 4 16 0 156 0
1620873275 9251 2602 1418 0 195 1514 516 0 84 4 16 0 156 0
1620874596 9264 2602 1418 0 195 1514 516 0 84 4 16 0 156 0
1620876767 9323 2602 1418 0 195 1514 516 0 84 4 16 0 156 0
1620876875 9336 2602 1418 0 195 1514 516 0 84 4 16 0 156 0
1620891011 9341 2602 1418 0 195 1514 516 0 84 4 16 0 156 0
1620894639 9453 2602 1418 0 195 1514 516 0 84 4 16 0 156 0
1620903759 9453 2602 1418 0 195 1514 734 0 84 4 16 0 156 0
1620960278 9453 2602 1419 0 195 1514 734 0 84 4 16 0 156 0
1620964264 9453 2602 1419 0 195 1514 739 0 84 4 16 0 156 0
1620964524 9455 2602 1419 0 195 1514 744 0 84 4 16 0 156 0
1620965366 9456 2602 1419 0 195 1514 744 0 84 4 16 0 156 0
1620977712 9457 2602 1419 0 195 1514 744 0 84 4 16 0 156 0
1620978814 9457 2602 1429 0 195 1514 744 0 84 4 16 0 156 0
1620980257 9458 2602 1429 0 195 1514 744 0 84 4 16 0 156 0
1620983724 9546 2602 1429 0 195 1514 744 0 84 4 16 0 156 0
1620984953 9548 2602 1429 0 195 1514 744 0 84 4 16 0 156 0
1620991539 9549 2602 1445 0 195 1514 744 0 84 4 16 0 156 0
1621044658 9550 2602 1445 0 195 1514 744 0 84 4 16 0 156 0
1621046766 9553 2602 1445 0 195 1514 744 0 84 4 16 0 156 0
1621138922 9564 2602 1445 0 195 1514 744 0 84 4 16 0 156 0
1621142435 9567 2602 1445 0 195 1514 744 0 84 4 16 0 156 0
1621262999 9567 2602 1467 0 195 1514 744 0 84 4 16 0 156 0
1621408020 9567 2602 1467 0 195 1514 751 0 84 4 16 0 156 0
1621414027 9567 2602 1467 0 195 1514 762 0 84 4 16 0 156 0
1621419767 9567 2602 1467 0 195 1514 763 0 84 4 16 0 156 0
1621423688 9567 2602 1467 0 195 1514 764 0 84 4 16 0 156 0
1621567701 9575 2602 1467 0 195 1514 764 0 84 4 16 0 156 0
1621581546 9576 2602 1467 0 195 1514 764 0 84 4 16 0 156 0
1621587319 9725 2602 1467 0 195 1518 764 0 84 4 16 0 156 0
1621912186 9727 2602 1467 0 195 1518 764 0 84 4 16 0 156 0
1621913336 9727 2602 1467 0 195 1518 764 0 84 4 16 0 156 0
1621930172 10172 2602 1467 0 195 1518 764 0 84 4 16 0 156 0
1621934271 10500 2602 1467 0 195 1518 764 0 84 4 16 0 156 0
1621938491 10509 2602 1467 0 195 1518 764 0 84 4 16 0 156 0
1621939941 10511 2602 1467 0 195 1518 764 0 84 4 16 0 156 0
1621940744 10514 2602 1467 0 195 1518 764 0 84 4 16 0 156 0
1621955144 10574 2602 1467 0 195 1518 764 0 84 4 16 0 156 0
1622006162 10582 2602 1467 0 195 1518 764 0 84 4 16 0 156 0
1622013017 10591 2602 1467 0 195 1518 764 0 84 4 16 0 156 0
1622020844 10591 2602 1476 0 195 1518 764 0 84 4 16 0 156 0
1622038643 10598 2602 1476 0 195 1518 764 0 84 4 16 0 156 0
1622082047 10618 2602 1476 0 195 1518 764 0 84 4 16 0 156 0
1622093229 10618 2602 1482 0 195 1518 764 0 84 4 16 0 156 0
1622102268 10618 2667 1482 0 195 1518 764 0 84 4 16 0 156 0
1622104337 10757 2667 1482 0 195 1518 764 0 84 4 16 0 156 0
1622124452 10766 2667 1482 0 195 1518 764 0 84 4 16 0 156 0
1622173226 10904 2667 1482 0 195 1518 764 0 84 4 16 0 156 0
1622195121 10943 2667 1482 0 195 1518 764 0 84 4 16 0 156 0
1622195180 10948 2667 1482 0 195 1518 764 0 84 4 16 0 156 0
1622201826 10949 2667 1482 0 195 1518 764 0 84 4 16 0 156 0
1622250581 10967 2667 1482 0 195 1518 764 0 84 4 16 0 156 0
1622250686 11046 2667 1482 0 195 1518 764 0 84 4 16 0 156 0
1622252106 11072 2667 1482 0 195 1518 764 0 84 4 16 0 156 0
1622252290 11076 2667 1482 0 195 1518 764 0 84 4 16 0 156 0
1622255980 11093 2667 1482 0 195 1518 764 0 84 4 16 0 156 0
1622256988 11112 2667 1482 0 195 1518 764 0 84 4 16 0 156 0
1622257797 11170 2667 1482 0 195 1518 764 0 84 4 16 0 156 0
1622258015 11173 2667 1482 0 195 1518 764 0 84 4 16 0 156 0
1622262212 11173 2667 1482 0 197 1518 764 0 84 4 16 0 156 0
1622272807 11260 2667 1482 0 197 1518 764 0 84 4 16 0 156 0
1622276524 11304 2667 1482 0 197 1518 764 0 84 4 16 0 156 0
1622276593 11306 2667 1482 0 197 1518 764 0 84 4 16 0 156 0
1622277008 11320 2667 1482 0 197 1518 764 0 84 4 16 0 156 0
1622277166 11323 2667 1482 0 197 1518 764 0 84 4 16 0 156 0
1622279664 11335 2667 1482 0 197 1518 764 0 84 4 16 0 156 0
1622297104 11376 2667 1482 0 197 1518 764 0 84 4 16 0 156 0
1622350680 11376 2667 1648 0 197 1518 764 0 84 4 16 0 156 0
1622384199 11376 2685 1648 0 197 1518 764 0 84 4 16 0 156 0
1622393131 11376 2685 1652 0 197 1518 764 0 84 4 16 0 156 0
1622427909 11376 2687 1652 0 197 1518 764 0 84 4 16 0 156 0
1622430922 11376 2687 1654 0 197 1518 764 0 84 4 16 0 156 0
1622434726 11376 2687 1664 0 197 1518 764 0 84 4 16 0 156 0
1622435435 11376 2687 1664 0 197 1518 764 0 84 4 16 0 156 0
1622444794 11380 2687 1664 0 197 1518 764 0 84 4 16 0 156 0
1622446896 11548 2687 1664 0 197 1518 764 0 84 4 16 0 156 0
1622448510 11552 2687 1664 0 197 1518 764 0 84 4 16 0 156 0
1622473096 11693 2687 1665 0 197 1518 764 0 84 4 16 0 156 0
1622516613 12247 2687 1665 0 197 1518 764 0 84 4 16 0 156 0
1622534778 12249 2687 1665 0 197 1518 764 0 84 4 16 0 156 0
1622539846 12249 2687 1672 0 197 1518 764 0 84 4 16 0 156 0
1622540544 12354 2687 1672 0 197 1518 764 0 84 4 16 0 156 0
1622542352 12354 2687 1672 0 197 1518 764 0 84 4 16 0 156 0
1622542808 12371 2687 1672 0 197 1518 764 0 84 4 16 0 156 0
1622543499 12475 2687 1672 0 197 1518 764 0 84 4 16 0 156 0
1622553474 12475 2687 1672 0 203 1518 764 0 84 4 16 0 156 0
1622557868 12475 2687 1718 0 203 1518 764 0 84 4 16 0 156 0
1622561623 12475 2687 1719 0 203 1518 764 0 84 4 16 0 156 0
1622565088 12475 2687 1728 0 203 1518 764 0 84 4 16 0 156 0
1622603743 12475 2690 1728 0 203 1518 764 0 84 4 16 0 156 0
1622605760 12475 2690 1737 0 203 1518 764 0 84 4 16 0 156 0
1622617154 12475 2695 1737 0 203 1518 764 0 84 4 16 0 156 0
1622625850 12475 2707 1737 0 203 1518 764 0 84 4 16 0 156 0
1622626513 12475 2707 1737 0 203 1518 764 0 84 4 16 0 156 0
1622627706 12475 2710 1737 0 203 1518 764 0 84 4 16 0 156 0
1622630969 12475 2713 1763 0 203 1518 764 0 84 4 16 0 156 0
1622636756 12475 2713 1779 0 203 1518 764 0 84 4 16 0 156 0
1622647777 12475 2713 1781 0 203 1518 764 0 84 4 16 0 156 0
1622687795 12490 2713 1782 0 203 1518 764 0 84 4 16 0 156 0
1622696114 12490 2738 1782 0 203 1518 764 0 84 4 16 0 156 0
1622703640 12490 2738 1782 0 203 1518 764 0 84 5 16 0 156 0
1622706532 12533 2738 1782 0 203 1518 764 0 84 5 16 0 156 0
1622706774 12539 2738 1782 0 203 1518 764 0 84 5 16 0 156 0
1622709774 12539 2738 1816 0 203 1518 764 0 84 5 16 0 156 0
1622712992 12546 2738 1816 0 203 1518 764 0 84 5 16 0 156 0
1622715700 12547 2738 1816 0 203 1518 764 0 84 5 16 0 156 0
1622715709 12549 2738 1816 0 203 1518 764 0 84 5 16 0 156 0
1622735860 12563 2738 1816 0 203 1518 764 0 84 5 16 0 156 0
1622807310 12579 2738 1816 0 203 1518 764 0 84 5 16 0 156 0
1622811577 12585 2738 1816 0 203 1518 764 0 84 5 16 0 156 0
1622811740 12586 2738 1816 0 203 1518 764 0 84 5 16 0 156 0
1622817502 12701 2738 1816 0 203 1518 764 0 84 5 16 0 156 0
1622860351 12702 2738 1816 0 203 1518 764 0 84 5 16 0 156 0
1622885063 12706 2738 1816 0 203 1518 764 0 84 5 16 0 156 0
1622903026 12712 2738 1816 0 203 1518 764 0 84 5 16 0 156 0
1622990861 12712 2738 1834 0 242 1518 764 0 84 5 16 0 156 0
1623030532 12712 2738 1834 0 246 1518 764 0 84 5 16 0 156 0
1623042326 12712 2740 1834 0 246 1518 764 0 84 5 16 0 156 0
1623050610 12712 2740 1840 0 246 1518 764 0 84 5 16 0 156 0
1623052663 12953 2740 1840 0 267 1518 764 0 84 5 16 0 156 0
1623059607 12988 2740 1840 0 267 1518 764 0 84 5 16 0 156 0
1623059857 12992 2740 1840 0 267 1518 764 0 84 5 16 0 156 0
1623060386 12997 2740 1840 0 267 1518 764 0 84 5 16 0 156 0
1623060409 12998 2740 1840 0 267 1518 764 0 84 5 16 0 156 0
1623060533 13012 2740 1840 0 267 1518 764 0 84 5 16 0 156 0
1623061406 13012 2740 1840 0 268 1518 764 0 84 5 16 0 156 0
1623070066 13012 2740 1842 0 268 1518 764 0 84 5 16 0 156 0
1623076187 13013 2740 1842 0 268 1518 764 0 84 5 16 0 156 0
1623077024 13013 2740 1842 0 269 1518 764 0 84 5 16 0 156 0
1623148621 13016 2740 1842 0 624 1518 764 0 84 5 16 0 156 0
1623155601 13016 2740 1842 0 626 1518 764 0 84 5 16 0 156 0
1623156631 13016 2740 1842 0 627 1518 764 0 84 5 16 0 156 0
1623197151 13016 2740 1842 0 637 1518 764 0 84 5 16 0 156 0
1623201261 13019 2740 1842 0 637 1518 764 0 84 5 16 0 156 0
1623211750 13019 2740 1846 0 637 1518 764 0 84 5 16 0 156 0
1623224093 13019 2740 1866 0 637 1518 764 0 84 5 16 0 156 0
1623236583 13019 2770 1866 0 637 1518 764 0 84 5 16 0 156 0
1623246056 13019 2771 1866 0 637 1518 764 0 84 5 16 0 156 0
1623246147 13022 2772 1866 0 637 1518 764 0 84 5 16 0 156 0
1623297042 13022 2772 1866 0 637 1522 764 0 84 5 16 0 156 0
1623299612 13027 2772 1866 0 637 1522 764 0 84 5 16 0 156 0
1623311777 13047 2772 1866 0 637 1522 764 0 84 5 16 0 156 0
1623313110 13047 2772 1866 0 639 1522 764 0 84 5 16 0 156 0
1623316087 13047 2772 1866 0 642 1522 764 0 84 5 16 0 156 0
1623335160 13047 2772 1867 0 642 1522 764 0 84 5 16 0 156 0
1623335843 13047 2772 1867 0 642 1522 764 0 84 5 16 0 156 0
1623394045 13047 2772 1877 0 642 1522 764 0 84 5 16 0 156 0
1623394214 13047 2772 1878 0 642 1522 764 0 84 5 16 0 156 0
1623416862 13047 2772 1878 0 642 1522 764 0 84 5 16 0 156 0
1623419819 13047 2772 1883 0 642 1522 764 0 84 5 16 0 156 0
1623420505 13047 2772 1883 0 642 1522 764 0 84 5 16 0 156 0
1623422540 13047 2772 1883 0 644 1522 764 0 84 5 16 0 156 0
1623456794 13047 2772 1883 0 644 1522 764 0 84 5 18 0 156 0
1623726458 13047 2772 1883 0 645 1522 764 0 84 5 18 0 156 0
1623748373 13073 2772 1883 0 645 1662 764 0 84 5 18 0 156 0
1623753484 13073 2772 1883 0 645 1663 764 0 84 5 18 0 156 0
1623756064 13073 2772 1894 0 645 1663 764 0 84 5 18 0 156 0
1623813934 13076 2772 1894 0 645 1663 764 0 84 5 18 0 156 0
1623814663 13077 2772 1894 0 645 1663 764 0 84 5 18 0 156 0
1623815176 13078 2772 1894 0 645 1663 764 0 84 5 18 0 156 0
1623815324 13081 2772 1894 0 645 1663 764 0 84 5 18 0 156 0
1623815533 13089 2772 1894 0 645 1663 764 0 84 5 18 0 156 0
1623816591 13131 2772 1894 0 645 1663 764 0 84 5 18 0 156 0
1623817499 13136 2772 1894 0 645 1663 764 0 84 5 18 0 156 0
1623817530 13136 2772 1894 0 645 1663 764 0 84 5 18 0 156 0
1623829649 13136 2772 1894 0 645 1665 764 0 84 5 18 0 156 0
1623837087 13136 2772 1894 0 645 1665 764 0 84 5 18 0 156 0
1623837215 13136 2772 1894 0 645 1665 764 0 84 5 18 0 156 0
1623837216 13136 2772 1894 0 645 1665 764 0 84 5 18 0 156 0
1623837401 13136 2772 1894 0 645 1665 764 0 84 5 18 0 156 0
1623837402 13136 2772 1894 0 645 1665 764 0 84 5 18 0 156 0
1623893426 13136 2772 1894 0 645 1665 764 0 84 5 18 0 156 0
1623893635 13136 2772 1894 0 645 1665 764 0 84 5 18 0 156 0
1623894792 13141 2772 1894 0 645 1665 764 0 84 5 18 0 156 0
1623895509 13158 2772 1894 0 645 1665 764 0 84 5 18 0 156 0
1623895924 13164 2772 1894 0 645 1665 764 0 84 5 18 0 156 0
1623896030 13166 2772 1894 0 645 1665 764 0 84 5 18 0 156 0
1623904730 13166 2772 1894 0 650 1665 764 0 84 5 18 0 156 0
1623912570 13166 2772 1894 0 650 1677 764 0 84 5 18 0 156 0
1623912618 13166 2772 1894 0 650 1682 764 0 84 5 18 0 156 0
1623921526 13171 2772 1894 0 650 1682 764 0 84 5 18 0 156 0
1623921560 13176 2772 1894 0 650 1682 764 0 84 5 18 0 156 0
1623921606 13176 2772 1894 0 650 1682 764 0 84 5 18 0 156 0
1623921830 13179 2772 1894 0 650 1682 764 0 84 5 18 0 156 0
1623926589 13179 2772 1894 0 650 1682 764 0 84 5 18 0 156 0
1623927333 13181 2772 1894 0 650 1682 764 0 84 5 18 0 156 0
1624186695 13181 2772 1900 0 650 1682 897 0 84 5 18 0 156 0
1624271761 13181 3194 1900 0 650 1682 897 0 84 5 18 0 156 0
1624331824 13181 3194 1900 0 650 1689 897 0 84 5 18 0 156 0
1624340332 13181 3194 1900 0 650 1689 897 0 84 7 18 0 156 0
1624342910 13181 3196 1900 0 650 1692 897 0 84 7 18 0 156 0
1624345233 13181 3198 1900 0 650 1692 897 0 84 7 18 0 156 0
1624345866 13181 3198 1900 0 650 1692 897 0 84 7 18 0 156 0
1624346139 13181 3198 1900 0 650 1707 897 0 84 8 18 0 156 0
1624351106 13181 3268 1900 0 650 1707 897 0 84 8 18 0 156 0
1624351872 13181 3268 1900 0 650 1736 897 0 84 8 18 0 156 0
1624356900 13181 3268 1900 0 650 1739 897 0 84 8 18 0 156 0
1624360533 13201 3268 1900 0 650 1739 897 0 84 8 18 0 156 0
1624360602 13206 3268 1900 0 650 1739 897 0 84 8 18 0 156 0
1624362569 13208 3268 1900 0 650 1739 897 0 84 8 18 0 156 0
1624363058 13208 3268 1900 0 653 1739 897 0 84 8 18 0 156 0
1624415715 13208 3271 1900 0 653 1739 897 0 84 8 18 0 156 0
1624431379 13208 3272 1900 0 653 1739 897 0 84 8 18 0 156 0
1624433893 13208 3272 1900 0 653 1747 897 0 84 8 18 0 156 0
1624439626 13356 3272 1987 0 653 1747 897 0 84 8 18 0 156 0
1624508874 13363 3272 1987 0 653 1747 897 0 84 8 18 0 156 0
1624516662 13363 3272 1987 0 653 1787 897 0 84 8 18 0 156 0
1624519367 13363 3272 2045 0 653 1861 897 0 84 8 18 0 156 0
1624527816 13368 3272 2045 0 653 1861 897 0 84 8 18 0 156 0
1624532201 13368 3272 2045 0 671 1861 897 0 84 8 18 0 156 0
1624532703 13369 3272 2045 0 671 1861 897 0 84 8 18 0 156 0
1624533341 13389 3272 2045 0 671 1861 897 0 84 8 18 0 156 0
1624547981 13472 3272 2045 0 671 1861 897 0 84 8 18 0 156 0
1624587646 13474 3272 2045 0 671 1861 897 0 84 8 18 0 156 0
1624608156 13484 3272 2045 0 671 1861 897 0 84 8 18 0 156 0
1624610008 13547 3272 2045 0 671 1861 897 0 84 8 18 0 156 0
1624612743 13602 3272 2045 0 671 1861 897 0 84 8 18 0 156 0
1624614927 13630 3272 2045 0 671 1861 897 0 84 8 18 0 156 0
1624843821 13630 3272 2045 0 697 1861 897 0 84 8 18 0 156 0
1624848284 13649 3272 2045 0 697 1861 897 0 84 8 18 0 156 0
1624850187 13649 3272 2045 0 698 1861 897 0 84 8 18 0 156 0
1624850989 13653 4343 2045 0 700 1861 1037 0 84 8 18 0 156 0
1624853378 13653 4343 2045 0 711 1861 1037 0 84 8 18 0 156 0
1624857090 13653 4343 2045 0 712 1861 1037 0 84 8 18 0 156 0
1624865922 13653 4343 2045 0 732 1861 1037 0 84 8 18 0 156 0
1624868259 13653 4343 2045 0 733 1861 1037 0 84 8 18 0 156 0
1624870379 13653 4343 2045 0 736 1861 1037 0 84 8 18 0 156 0
1624886880 13653 4343 2045 0 736 1861 1037 0 84 8 18 0 156 0
1624939858 13676 4343 2045 0 736 1861 1037 0 84 8 18 0 156 0
1624939861 13720 4343 2045 0 736 1861 1037 0 84 8 18 0 156 0
1624939862 13721 4343 2045 0 736 1861 1037 0 84 8 18 0 156 0
1624940378 13727 4343 2045 0 736 1861 1170 0 84 8 18 0 156 0
1624949706 13727 4519 2045 0 736 1861 1170 0 84 8 18 0 156 0
1624961101 13730 4519 2045 0 736 1861 1170 0 84 8 18 0 156 0
1624962225 13750 4519 2045 0 736 1861 1170 0 84 8 18 0 156 0
1624963564 13791 4519 2045 0 736 1861 1170 0 84 8 18 0 156 0
1624963643 13793 4519 2045 0 736 1861 1170 0 84 8 18 0 156 0
1624972159 13799 4519 2045 0 736 1861 1170 0 84 8 18 0 156 0
1624973069 13846 4519 2045 0 736 1861 1170 0 84 8 18 0 156 0
1624973463 13846 4519 2045 0 736 1861 1170 0 84 8 18 0 156 0
1625027735 13970 4519 2045 0 736 1861 1170 0 84 8 18 0 156 0
1625031091 13970 4708 2045 0 736 1861 1170 0 84 8 18 0 156 0
1625037222 14006 4708 2045 0 736 1861 1170 0 84 8 18 0 156 0
1625039034 14062 4708 2045 0 736 1861 1170 0 84 8 18 0 156 0
1625050009 14062 4709 2045 0 736 1861 1170 0 84 8 18 0 156 0
1625070021 14108 4709 2045 0 736 1861 1170 0 84 8 18 0 156 0
1625106193 14108 4710 2045 0 736 1861 1170 0 84 8 18 0 156 0
1625125980 14190 4710 2045 0 736 1861 1170 0 84 8 18 0 156 0
1625128956 14190 4711 2045 0 736 1861 1170 0 84 8 18 0 156 0
1625128976 14190 4785 2045 0 736 1861 1170 0 84 8 18 0 156 0
1625132128 14190 4877 2045 0 736 1861 1170 0 84 8 18 0 156 0
1625150064 14193 4877 2045 0 736 1861 1170 0 84 8 18 0 156 0
1625154489 14231 4877 2045 0 736 1861 1170 0 84 8 18 0 156 0
1625191503 14231 4878 2045 0 736 1861 1170 0 84 8 18 0 156 0
1625191923 14231 4891 2045 0 736 1861 1170 0 84 8 18 0 156 0
1625193238 14231 4894 2045 0 736 1861 1170 0 84 8 18 0 156 0
1625193571 14231 4902 2045 0 736 1861 1170 0 84 8 18 0 156 0
1625194834 14231 4915 2045 0 736 1861 1170 0 84 8 18 0 156 0
1625196361 15633 4915 2045 0 736 1861 1170 0 84 8 18 0 156 0
1625196772 15637 4915 2045 0 736 1861 1170 0 84 8 18 0 156 0
1625197554 15637 4915 2045 0 739 1861 1170 0 84 8 18 0 156 0
1625197992 15637 4915 2045 0 747 1861 1170 0 84 8 18 0 156 0
1625202986 15637 4915 2045 0 747 1861 1170 0 84 8 18 0 156 0
1625211574 15637 5009 2045 0 747 1861 1170 0 84 8 18 0 156 0
1625217479 15637 5009 2055 0 747 1861 1170 0 84 8 18 0 156 0
1625231258 15637 5011 2055 0 747 1861 1170 0 84 8 18 0 156 0
1625450264 15637 5018 2055 0 747 1861 1170 0 84 8 18 0 156 0
1625465686 15637 5020 2055 0 747 1861 1170 0 84 8 18 0 156 0
1625467719 15643 5020 2055 0 747 1861 1170 0 84 8 18 0 156 0
1625473240 15708 5020 2055 0 747 1861 1170 0 84 8 18 0 156 0
1625473501 15708 5043 2055 0 747 1861 1170 0 84 8 18 0 156 0
1625476597 15708 5134 2055 0 747 1861 1170 0 84 8 18 0 156 0
1625484373 15718 5134 2055 0 747 1861 1170 0 84 8 18 0 156 0
1625484404 15722 5134 2055 0 747 1861 1170 0 84 8 18 0 156 0
1625506421 15722 5208 2060 0 747 1861 1170 0 84 8 18 0 156 0
1625539673 15722 5208 2060 0 771 1861 1170 0 84 8 18 0 156 0
1625545364 15722 5208 2060 0 855 1861 1170 0 84 8 18 0 156 0
1625557483 15722 5208 2060 0 867 1861 1170 0 84 8 18 0 156 0
1625560451 15722 5208 2060 0 870 1861 1170 0 84 8 18 0 156 0
1625579001 15722 5208 2060 0 949 1861 1170 0 84 8 18 0 156 0
1625624205 15741 5208 2060 0 949 1861 1170 0 84 8 18 0 156 0
1625627808 15869 5208 2060 0 949 1861 1170 0 84 8 18 0 156 0
1625630532 15910 5208 2060 0 949 1861 1170 0 84 8 18 0 156 0
1625635566 15910 5208 2060 0 950 1861 1170 0 84 8 18 0 156 0
1625635752 15910 5208 2060 0 955 1861 1170 0 84 8 18 0 156 0
1625639975 15910 5208 2064 0 955 1861 1170 0 84 8 18 0 156 0
1625643004 15910 5208 2064 0 961 1861 1170 0 84 8 18 0 156 0
1625653294 15910 5208 2064 0 961 1864 1170 0 84 8 18 0 156 0
1625657831 15910 5208 2064 0 962 1864 1170 0 84 8 18 0 156 0
1625664606 15910 5208 2064 0 965 1864 1170 0 84 8 18 0 156 0
1625740861 15913 5208 2064 0 965 1864 1170 0 84 8 18 0 156 0
1625805069 15913 5208 2064 0 1054 1864 1170 0 84 8 18 0 156 0
1625835511 15913 5208 2066 0 1054 1864 1170 0 84 8 18 0 156 0
1625839927 15913 5208 2066 0 1058 1864 1170 0 84 8 18 0 156 0
1625840005 15913 5208 2066 0 1061 1864 1170 0 84 8 18 0 156 0
1626000071 15913 5208 2066 0 1066 1864 1170 0 84 8 18 0 156 0
1626011350 15913 5208 2066 0 1351 1864 1170 0 84 8 18 0 156 0
1626060597 15913 5208 2066 0 1356 1864 1170 0 84 8 18 0 156 0
1626061364 15913 5208 2066 0 1359 1864 1170 0 84 8 18 0 156 0
1626062958 15913 5208 2066 0 1372 1864 1170 0 84 8 18 0 156 0
1626063458 15913 5208 2066 0 1373 1864 1170 0 84 8 18 0 156 0
1626073814 15913 5208 2066 0 1391 1864 1170 0 84 8 18 0 156 0
1626079995 15913 5208 2066 0 1398 1864 1170 0 84 8 18 0 156 0
1626085488 15913 5208 2066 0 1401 1864 1170 0 84 8 18 0 156 0
1626086885 15913 5208 2066 0 1404 1864 1170 0 84 8 18 0 156 0
1626104584 15913 5208 2083 0 1404 1864 1170 0 84 8 18 0 156 0
1626105484 15913 5208 2084 0 1404 1864 1170 0 84 8 18 0 156 0
1626106151 15913 5208 2084 0 1404 1864 1170 0 84 8 18 0 156 0
1626106487 15913 5208 2084 0 1406 1864 1170 0 84 8 18 0 156 0
1626108576 15913 5208 2087 0 1406 1864 1170 0 84 8 18 0 156 0
1626108953 15913 5208 2087 0 1406 1864 1170 0 84 8 18 0 156 0
1626138692 15913 5208 2089 0 1406 1864 1170 0 84 8 18 0 156 0
1626147275 15913 5209 2089 0 1406 1864 1170 0 84 8 18 0 156 0
1626160462 15913 5209 2097 0 1406 1864 1170 0 84 8 18 0 156 0
1626161850 15913 5209 2112 0 1406 1864 1170 0 84 8 18 0 156 0
1626162198 15913 5209 2128 0 1406 1864 1170 0 84 8 18 0 156 0
1626169921 15913 5209 2128 0 1581 1864 1170 0 84 8 18 0 156 0
1626172702 15913 5209 2128 0 1582 1864 1170 0 84 8 18 0 156 0
1626180376 15913 5209 2128 0 1584 1864 1170 0 84 8 18 0 156 0
1626230614 15913 5209 2128 0 1590 1864 1170 0 84 8 18 0 156 0
1626230830 16490 5209 2128 0 1592 1864 1170 0 84 8 18 0 156 0
1626248176 16490 5209 2128 0 1594 1864 1170 0 84 8 18 0 156 0
1626279093 16496 5209 2139 0 1594 1864 1170 0 84 8 18 0 156 0
1626279546 16497 5209 2139 0 1594 1864 1170 0 84 8 18 0 156 0
1626408593 16497 5209 2139 0 1599 1864 1170 0 84 8 18 0 156 0
1626410833 16497 5209 2139 0 1599 1864 1170 0 84 8 18 0 156 0
1626410894 16497 5209 2139 0 1600 1864 1170 0 84 8 18 0 156 0
1626666693 16497 5211 2139 0 1600 1864 1170 0 84 8 18 0 156 0
1626667029 16497 5211 2139 0 1600 1864 1170 0 84 8 18 0 156 0
1626691195 16497 5211 2139 0 1600 1864 1170 0 84 9 18 0 156 0
1626691961 16497 5211 2139 0 1614 1864 1170 0 84 10 18 0 156 0
1626752364 16497 5211 2139 0 1616 1864 1170 0 84 10 18 0 156 0
1626753687 16497 5211 2139 0 1617 1864 1170 0 84 10 18 0 156 0
1626763325 16497 5211 2139 0 1624 1864 1170 0 84 10 18 0 156 0
1626765315 16497 5211 2139 0 1624 1865 1170 0 84 10 18 0 156 0
1626771048 16499 5211 2139 0 1624 1865 1170 0 84 10 18 0 156 0
1626774369 16501 5211 2139 0 1624 1865 1170 0 84 12 18 0 156 0
1626836604 16502 5211 2139 0 1624 1865 1303 0 84 12 18 0 156 0
1626854271 16502 5821 2139 0 1624 1865 1303 0 84 12 18 0 156 0
1626856451 16502 5831 2139 0 1624 1865 1303 0 84 12 18 0 156 0
1626870138 16502 5831 2145 0 1624 1865 1303 0 84 12 18 0 156 0
1626870237 16502 5831 2145 0 1624 1865 1303 0 84 12 18 0 156 0
1626872176 16506 5831 2145 0 1624 1865 1303 0 84 12 18 0 156 0
1626875464 16511 5831 2145 0 1624 1865 1303 0 84 12 18 0 156 0
1626917452 16511 5848 2145 0 1624 1865 1303 0 84 12 18 0 156 0
1626930347 16552 5848 2145 0 1624 1865 1303 0 84 12 18 0 156 0
1626930829 16565 5848 2145 0 1624 1865 1303 0 84 12 18 0 156 0
1626932776 16582 5848 2145 0 1624 1865 1303 0 84 12 18 0 156 0
1626937738 17967 5848 2145 0 1624 1865 1303 0 84 12 18 0 156 0
1626949601 18017 5848 2145 0 1624 1865 1303 0 84 12 18 0 156 0
1626965186 18025 5848 2145 0 1624 1865 1303 0 84 12 18 0 156 0
1627007958 18031 5848 2145 0 1624 1865 1303 0 84 12 18 0 156 0
1627012705 18033 5848 2145 0 1624 1865 1303 0 84 12 18 0 156 0
1627013471 18034 5848 2145 0 1624 1865 1303 0 84 12 18 0 156 0
1627284061 18815 5848 2145 0 1624 1865 1303 0 84 12 18 0 156 0
1627294464 18867 5848 2145 0 1626 1865 1303 0 84 12 18 0 156 0
1627299438 18892 5848 2145 0 1626 1865 1303 0 84 12 18 0 156 0
1627305792 18893 5848 2145 0 1626 1865 1303 0 84 12 18 0 156 0
1627348797 18893 5848 2145 0 1631 1865 1303 0 84 12 18 0 156 0
1627351850 18948 5848 2145 0 1631 1865 1303 0 84 12 18 0 156 0
1627352252 18950 5848 2145 0 1631 1865 1303 0 84 12 18 0 156 0
1627352751 18958 5848 2145 0 1631 1865 1303 0 84 12 18 0 156 0
1627382494 18963 5848 2145 0 1631 1865 1303 0 84 12 18 0 156 0
1627387014 18963 5848 2145 0 1637 1865 1303 0 84 12 18 0 156 0
1627391278 18966 5848 2145 0 1637 1865 1303 0 84 12 18 0 156 0
1627439021 18967 5848 2145 0 1637 1865 1303 0 84 12 18 0 156 0
1627448175 18968 5848 2145 0 1637 1865 1303 0 84 12 18 0 156 0
1627450503 18969 5848 2145 0 1637 1865 1303 0 84 12 18 0 156 0
1627451962 18969 5848 2145 0 1711 1865 1303 0 84 12 18 0 156 0
1627461809 19011 5848 2145 0 1711 1865 1303 0 84 12 18 0 156 0
1627467887 19012 5848 2145 0 1711 1865 1303 0 84 12 18 0 156 0
1627614145 19012 5848 2145 0 1713 1865 1303 0 84 12 18 0 156 0
1627614414 19012 5848 2145 0 1728 1865 1303 0 84 12 18 0 156 0
1627693352 19012 5848 2145 0 1758 1865 1303 0 84 12 18 0 156 0
1627729124 19012 5848 2145 0 1765 1865 1303 0 84 12 18 0 156 0
1627729656 19012 5848 2145 0 1766 1865 1303 0 84 12 18 0 156 0
1627736762 19012 5848 2145 0 1769 1865 1303 0 84 12 18 0 156 0
1627736896 19012 5848 2145 0 1778 1865 1303 0 84 12 18 0 156 0
1627737939 19012 5848 2145 0 1781 1865 1303 0 84 12 18 0 156 0
1627737945 19012 5848 2145 0 1787 1865 1303 0 84 12 18 0 156 0
1627742592 19017 5848 2145 0 1787 1865 1303 0 84 12 18 0 156 0
1627779408 19017 5848 2145 0 1790 1865 1303 0 84 12 18 0 156 0
1627781761 19017 5848 2145 0 1792 1865 1303 0 84 12 18 0 156 0
1627809578 19018 5848 2145 0 1792 1865 1303 0 84 12 18 0 156 0
1627867412 19018 5848 2145 0 1794 1865 1303 0 84 12 18 0 156 0
1627868707 19018 5848 2145 0 1795 1865 1303 0 84 12 18 0 156 0
1627871601 19018 5848 2159 0 1795 1865 1303 0 84 12 18 0 156 0
1627873314 19018 5848 2159 0 1804 1865 1303 0 84 12 18 0 156 0
1627875281 19144 5848 2159 0 1804 1865 1303 0 84 12 18 0 156 0
1627876842 19144 5848 2160 0 1804 2005 1303 0 84 12 18 0 156 0
1627891512 19144 5848 2160 0 1804 2207 1303 0 84 12 18 0 156 0
1627904200 19144 5848 2160 0 1804 2207 1303 0 84 12 18 0 156 0
1627911865 19144 5848 2160 0 1810 2207 1303 0 84 12 18 0 156 0
1627956660 19144 5848 2160 0 1820 2207 1303 0 84 12 18 0 156 0
1627959555 19144 5848 2160 0 1827 2207 1303 0 84 12 18 0 156 0
1627963219 19144 5848 2160 0 1827 2233 1303 0 84 12 18 0 156 0
1627963247 19144 5848 2160 0 1827 2343 1303 0 84 12 18 0 156 0
1627970051 19144 5878 2164 0 1827 2343 1303 0 84 12 18 0 156 0
1627971897 19144 5931 2164 0 1827 2343 1303 0 84 12 18 0 156 0
1627974259 19144 5931 2174 0 1827 2343 1303 0 84 12 18 0 156 0
1627982666 19144 5931 2174 0 1827 2475 1303 0 84 12 18 0 156 0
1628042871 19144 5931 2174 0 1898 2475 1303 0 84 12 18 0 156 0
1628047964 19144 5931 2174 0 1898 2475 1303 0 84 12 18 0 156 0
1628050823 19144 5931 2174 0 1901 2475 1303 0 84 12 18 0 156 0
1628051893 19144 5931 2174 0 1905 2475 1303 0 84 12 18 0 156 0
1628070227 19144 5931 2174 0 2518 2475 1303 0 84 12 18 0 156 0
1628072221 19144 5931 2174 0 3518 2475 1303 0 84 12 18 0 156 0
1628073950 19144 5931 2174 0 3520 2475 1303 0 84 12 18 0 156 0
1628074150 19144 5931 2174 0 3523 2475 1303 0 84 12 18 0 156 0
1628099992 19151 6074 2174 0 3530 2475 1303 0 84 12 18 0 156 0
1628131332 19151 6075 2174 0 3530 2475 1303 0 84 12 18 0 156 0
1628146246 19151 6195 2174 0 3530 2475 1303 0 84 12 18 0 156 0
1628148129 19151 6196 2174 0 3530 2475 1303 0 84 12 18 0 156 0
1628153240 19151 6196 2174 0 3530 2475 1307 0 84 12 18 0 156 0
1628154199 19151 6197 2174 0 3530 2475 1307 0 84 12 18 0 156 0
1628159247 19207 6199 2174 0 3530 2475 1307 0 84 12 18 0 156 0
1628194865 19219 6199 2174 0 3530 2475 1307 0 84 12 18 0 156 0
1628194929 19224 6199 2174 0 3530 2475 1307 0 84 12 18 0 156 0
1628195036 19227 6199 2174 0 3530 2475 1307 0 84 12 18 0 156 0
1628198012 19305 6199 2174 0 3530 2475 1307 0 84 12 18 0 156 0
1628220818 19305 6199 2174 0 3541 2475 1307 0 84 12 18 0 156 0
1628221350 19305 6199 2174 0 3601 2475 1307 0 84 12 18 0 156 0
1628224076 19308 6199 2174 0 3601 2475 1307 0 84 12 18 0 156 0
1628224769 19308 6199 2174 0 3602 2475 1307 0 84 12 18 0 156 0
1628229529 19308 6200 2174 0 3602 2475 1307 0 84 12 18 0 156 0
1628231020 19308 6200 2218 0 3602 2475 1307 0 84 12 18 0 156 0
1628233151 19308 6200 2232 0 3602 2475 1307 0 84 12 18 0 156 0
1628235277 19308 6200 2236 0 3602 2475 1307 0 84 12 18 0 156 0
1628236897 19310 6200 2236 0 3602 2475 1307 0 84 12 18 0 156 0
1628238075 19350 6200 2236 0 3602 2475 1307 0 84 12 18 0 156 0
1628241459 19351 6200 2236 0 3602 2475 1307 0 84 12 18 0 156 0
1628242677 19379 6200 2236 0 3602 2475 1307 0 84 12 18 0 156 0
1628242920 19397 6205 2236 0 3602 2475 1307 0 84 12 18 0 156 0
1628303120 19406 6205 2236 0 3602 2475 1307 0 84 12 18 0 156 0
1628482538 19406 6217 2236 0 3602 2475 1307 0 84 12 18 0 156 0
1628500533 19406 6217 2236 0 3602 2483 1307 0 84 12 18 0 156 0
1628506450 19409 6217 2236 0 3602 2483 1307 0 84 12 18 0 156 0
1628565754 19500 6217 2236 0 3602 2483 1307 0 84 12 18 0 156 0
1628567947 19500 6230 2236 0 3602 2483 1307 0 84 12 18 0 156 0
1628569172 19500 6230 2236 0 3646 2483 1307 0 84 12 18 0 156 0
1628583223 19500 6230 2236 0 3649 2483 1307 0 84 12 18 0 156 0
1628587204 19536 6230 2236 0 3649 2483 1307 0 84 12 18 0 156 0
1628591347 19536 6230 2236 0 3649 2483 1307 0 84 12 18 0 156 0
1628607960 19538 6230 2236 0 3649 2483 1307 0 84 12 18 0 156 0
1628654323 19538 6265 2236 0 3649 2483 1307 0 84 12 18 0 156 0
1628655776 19538 6265 2251 0 3649 2483 1307 0 84 12 18 0 156 0
1628659597 19538 6265 2258 0 3649 2483 1307 0 84 12 18 0 156 0
1628659623 19538 6265 2258 0 3649 2483 1307 0 84 12 18 0 156 0
1628659755 19538 6265 2268 0 3649 2483 1307 0 84 12 18 0 156 0
1628663308 19538 6265 2278 0 3649 2483 1307 0 84 12 18 0 156 0
1628663790 19538 6265 2278 0 3654 2483 1307 0 84 12 18 0 156 0
1628680003 19568 6265 2278 0 3654 2483 1307 0 84 12 18 0 156 0
1628680306 19578 6265 2278 0 3654 2483 1307 0 84 12 18 0 156 0
1628680470 19649 6265 2278 0 3654 2483 1307 0 84 12 18 0 156 0
1628732162 19694 6265 2278 0 3654 2483 1307 0 84 12 18 0 156 0
1628732646 19694 6265 2278 0 3654 2483 1307 0 84 12 18 0 156 0
1628733196 19700 6265 2278 0 3654 2483 1307 0 84 12 18 0 156 0
1628741683 19700 6265 2339 0 3654 2483 1307 0 84 12 18 0 156 0
1628749545 19770 6265 2339 0 3654 2483 1307 0 84 12 18 0 156 0
1628760657 19772 6265 2339 0 3654 2483 1307 0 84 12 18 0 156 0
1628766741 19849 6265 2340 0 3654 2483 1307 0 84 12 18 0 156 0
1628775052 19853 6265 2340 0 3654 2483 1307 0 84 12 18 0 156 0
1628776836 19858 6265 2340 0 3654 2483 1307 0 84 12 18 0 156 0
1628819930 20391 6265 2340 0 3654 2483 1307 0 84 12 18 0 156 0
1628826783 20391 6266 2340 0 3654 2483 1307 0 84 12 18 0 156 0
1628830107 20407 6266 2340 0 3654 2483 1307 0 84 12 18 0 156 0
1628837496 20407 6266 2340 4 3654 2483 1307 0 84 12 18 0 156 0
1628837505 20407 6266 2340 4 3654 2483 1307 0 84 12 18 0 156 0
1628840214 20407 6266 2340 4 3654 2485 1307 0 84 12 18 0 156 0
1628840487 20420 6266 2340 4 3654 2485 1307 0 84 12 18 0 156 0
1628843158 20496 6266 2340 92 3654 2487 1440 0 84 12 18 0 156 0
1628846501 20498 6615 2340 92 3654 2487 1440 0 84 12 18 0 156 0
1628848063 20519 6615 2340 92 3654 2487 1440 0 84 12 18 0 156 0
1628849128 20526 6615 2340 92 3654 2487 1440 0 84 12 18 0 156 0
1628849535 20576 6615 2340 92 3654 2487 1440 0 84 12 18 0 156 0
1628850535 20586 6615 2680 92 3654 2487 1440 0 84 12 18 0 156 0
1628852508 20589 6615 2680 92 3654 2487 1440 0 84 12 18 0 156 0
1628855914 20589 6615 2680 93 3654 2487 1440 0 84 12 18 0 156 0
1629080672 20603 6615 2680 93 3654 2487 1440 0 84 12 18 0 156 0
1629080894 20612 6615 2680 93 3654 2487 1440 0 84 12 18 0 156 0
1629086252 20623 6621 2680 93 3654 2487 1440 0 84 12 18 0 156 0
1629097846 20623 6621 2680 93 3654 2487 1440 0 84 12 18 0 156 0
1629099478 20623 6621 2680 106 3654 2487 1440 0 84 12 18 0 156 0
1629099685 20623 6621 2680 107 3654 2487 1440 0 84 12 18 0 156 0
1629100500 20623 6625 2680 107 3654 2487 1440 0 84 12 18 0 156 0
1629106243 20625 6625 2680 107 3654 2487 1440 0 84 12 18 0 156 0
1629106260 20627 6625 2680 107 3654 2487 1440 0 84 12 18 0 156 0
1629107501 20627 6630 2680 107 3654 2487 1440 0 84 12 18 0 156 0
1629108761 20627 6632 2680 107 3654 2487 1440 0 84 12 18 0 156 0
1629109130 20627 6633 2680 107 3654 2487 1440 0 84 12 18 0 156 0
1629165121 20847 6633 2680 107 3654 2487 1440 0 84 12 18 0 156 0
1629165238 20848 6633 2680 107 3654 2487 1440 0 84 12 18 0 156 0
1629166386 20850 6633 2680 110 3654 2487 1440 0 84 12 18 0 156 0
1629167536 20850 6633 2705 110 3654 2487 1440 0 84 12 18 0 156 0
1629169846 20851 6633 2705 110 3654 2487 1440 0 84 12 18 0 156 0
1629170943 20853 6633 2705 110 3654 2487 1440 0 84 12 18 0 156 0
1629171122 20857 6633 2705 110 3654 2487 1440 0 84 12 18 0 156 0
1629172300 20857 6641 2705 110 3654 2487 1440 0 84 12 18 0 156 0
1629194175 20857 6641 2740 110 3654 2601 1440 0 84 12 18 0 156 0
1629256744 20857 6641 2746 110 3654 2601 1440 0 84 12 18 0 156 0
1629281696 20858 6641 2746 110 3654 2601 1440 0 84 12 18 0 156 0
1629343477 20858 6641 2746 110 3654 2895 1440 0 84 12 18 0 156 0
1629428408 20858 6641 2746 110 3654 2896 1440 0 84 12 18 0 156 0
1629432188 20858 6641 2752 110 3654 2896 1440 0 84 12 18 0 156 0
1629432806 20860 6641 2752 110 3654 2896 1440 0 84 12 18 0 156 0
1629432834 20862 6641 2752 110 3654 2896 1440 0 84 12 18 0 156 0
1629433609 20874 6641 2752 110 3654 2896 1440 0 84 12 18 0 156 0
1629445607 20874 6645 2752 110 3654 2896 1440 0 84 12 18 0 156 0
1629455112 20874 6645 2753 110 3654 2896 1440 0 84 12 18 0 156 0
1629456623 20877 6645 2753 110 3654 2896 1440 0 84 12 18 0 156 0
1629689873 20877 7084 2753 110 3654 2896 1440 0 84 12 18 0 156 0
1629705035 20877 7091 2753 110 3654 2896 1440 0 84 12 18 0 156 0
1629720348 20878 7091 2753 110 3654 2896 1440 0 84 12 18 0 156 0
1629720494 20889 7091 2753 110 3654 2896 1440 0 84 12 18 0 156 0
1629776960 21056 7091 2753 110 3654 2896 1440 0 84 12 18 0 156 0
1629779252 21103 7091 2753 110 3654 2896 1440 0 84 12 18 0 156 0
1629782203 21116 7091 2753 110 3654 2896 1573 0 84 12 18 0 156 0
1629796058 21116 7665 2753 110 3654 2896 1573 0 84 12 18 0 156 0
1629799645 21116 7665 2753 110 3654 2903 1573 0 84 12 18 0 156 0
1629799798 21129 7665 2753 110 3654 2903 1573 0 84 12 18 0 156 0
1629803512 21134 7665 2753 110 3654 2903 1573 0 84 12 18 0 156 0
1629808644 21136 7665 2753 110 3654 2903 1573 0 84 12 18 0 156 0
1629812936 21138 7665 2753 110 3654 2903 1573 0 84 12 18 0 156 0
1629813096 21139 7665 2753 110 3654 2903 1573 0 84 12 18 0 156 0
1629814450 21140 7665 2753 110 3654 2903 1573 0 84 12 18 0 156 0
1629817195 21142 7665 2753 110 3654 2903 1573 0 84 12 18 0 156 0
1629819942 21142 7665 2753 194 3654 2903 1573 0 84 12 18 0 156 0
1629874291 21142 7687 2753 194 3654 2903 1573 0 84 12 18 0 156 0
1629877393 21159 7687 2753 435 3654 2903 1573 0 84 12 18 0 156 0
1629877471 21159 7687 2753 435 3654 2905 1573 0 84 12 18 0 156 0
1629882495 21159 7687 2753 435 3654 2905 1573 0 84 12 18 0 156 0
1629905757 21159 7687 2753 437 3654 2905 1573 0 84 12 18 0 156 0
1629907580 21159 7687 2876 437 3654 2905 1573 0 84 12 18 0 156 0
1629945292 21164 7687 2876 437 3654 2905 1573 0 84 12 18 0 156 0
1629946196 21164 7687 2877 437 3654 2905 1573 0 84 12 18 0 156 0
1629952537 21165 7687 2877 437 3654 2905 1573 0 84 12 18 0 156 0
1629971961 21165 7807 2877 437 3654 2905 1573 0 84 12 18 0 156 0
1630033189 21165 7807 2877 437 3654 3056 1573 0 84 12 18 0 156 0
1630036939 21165 7807 2877 437 3654 3073 1573 0 84 12 18 0 156 0
1630037854 21175 7807 2877 437 3654 3073 1573 0 84 12 18 0 156 0
1630038892 21175 7807 2877 437 3654 3073 1573 0 84 12 18 0 452 0
1630045798 21193 7809 2877 437 3654 3073 1573 0 84 12 18 0 452 0
1630047767 21195 7809 2877 437 3654 3073 1573 0 84 12 18 0 452 0
1630048025 21195 7810 2877 437 3654 3223 1573 0 84 12 18 0 452 0
1630048731 21195 7810 2877 437 3654 3230 1573 0 84 12 18 0 452 0
1630049837 21203 7810 2877 437 3654 3230 1573 0 84 12 18 0 452 0
1630060833 21208 7810 2877 437 3654 3230 1573 0 84 12 18 0 452 0
1630063453 21214 7810 2877 437 3654 3230 1573 0 84 12 18 0 452 0
1630073433 21215 7810 2877 437 3654 3230 1573 0 84 12 18 0 452 0
1630139950 21215 7810 2943 437 3654 3230 1573 0 84 12 18 0 452 0
1630289905 21215 7812 2943 437 3654 3230 1573 0 84 12 18 0 452 0
1630295157 21215 7812 3047 437 3654 3230 1573 0 84 12 18 0 452 0
1630311053 21215 7828 3047 437 3654 3230 1573 0 84 12 18 0 452 0
1630312134 21215 7828 3055 437 3654 3230 1573 0 84 12 18 0 452 0
1630393717 21215 7920 3055 437 3654 3230 1573 0 84 12 18 0 452 0
1630397810 21215 7921 3055 437 3654 3230 1573 0 84 12 18 0 452 0
1630401156 21215 7927 3055 437 3654 3230 1573 0 84 12 18 0 452 0
1630401761 21215 7927 3055 437 3654 3230 1573 0 84 12 18 0 452 0
1630464188 21215 7929 3055 437 3654 3230 1573 0 84 12 18 0 452 0
1630478846 21215 7930 3055 437 3654 3230 1573 0 84 12 18 0 452 0
1630481132 21247 7930 3055 437 3654 3230 1573 0 84 12 18 0 452 0
1630486919 21247 7936 3055 437 3654 3230 1573 0 84 12 18 0 452 0
1630577051 21247 7936 3090 437 3654 3230 1573 0 84 12 18 0 452 0
1630641057 21247 7936 3098 437 3654 3230 1573 0 84 12 18 0 452 0
1630669454 21247 7936 3099 437 3654 3230 1573 0 84 12 18 0 452 0
1630901496 21251 7936 3099 437 3654 3230 1573 0 84 12 18 0 452 0
1630980964 21251 7936 3099 437 3654 3230 1573 0 84 12 18 0 452 0
1630982483 21251 7936 3123 437 3654 3230 1573 0 84 12 18 0 452 0
1630998045 21251 7936 3123 437 3654 3350 1573 0 84 12 18 0 452 0
1631000184 21251 7936 3134 437 3654 3350 1573 0 84 12 18 0 452 0
1631000891 21251 8004 3134 437 3654 3350 1573 0 84 12 18 0 452 0
1631009843 21251 8004 3134 437 3654 3369 1573 0 84 12 18 0 452 0
1631067629 21251 8004 3143 437 3654 3369 1573 0 84 12 18 0 452 0
1631074724 21253 8004 3143 437 3654 3369 1573 0 84 12 18 0 452 0
1631085180 21288 8004 3143 437 3654 3369 1573 0 84 12 18 0 452 0
1631086066 21298 8004 3143 437 3654 3369 1573 0 84 12 18 0 452 0
1631093664 21298 8028 3143 437 3654 3369 1573 0 84 12 18 0 452 0
1631114449 21298 8028 3145 437 3654 3369 1573 0 84 12 18 0 452 0
1631157603 21298 8028 3164 437 3654 3369 1573 0 84 12 18 0 452 0
1631237947 21298 8028 3164 437 3654 3441 1573 0 84 12 18 0 452 0
1631266042 21298 8028 3168 437 3654 3441 1573 0 84 12 18 0 452 0
1631508103 21298 8028 3168 437 3654 3441 1573 0 84 12 18 0 452 0
1631508252 21298 8028 3168 437 3654 3441 1573 0 84 12 18 0 452 0
1631514810 21298 8034 3168 437 3654 3441 1573 0 84 12 18 0 452 0
1631517844 21298 8034 3168 437 3654 3441 1573 0 84 12 18 0 452 0
1631522508 21321 8034 3168 437 3654 3441 1573 0 84 12 18 0 452 0
1631533326 21321 8034 3168 437 3654 3441 1573 0 84 12 18 0 452 0
1631589889 21321 8034 3168 437 3654 3454 1573 0 84 12 18 0 452 0
1631594783 21352 8034 3168 437 3654 3454 1573 0 84 12 18 0 452 0
1631604047 21352 8040 3168 437 3654 3454 1573 0 84 12 18 0 452 0
1631609562 21354 8052 3168 437 3654 3454 1573 0 84 12 18 0 452 0
1631613838 21357 8052 3168 437 3654 3454 1573 0 84 12 18 0 452 0
1631613890 21365 8052 3168 437 3654 3454 1573 0 84 12 18 0 452 0
1631693463 21365 8118 3168 437 3654 3454 1573 0 84 12 18 0 452 0
1631693907 21372 8118 3168 437 3654 3454 1573 0 84 12 18 0 452 0
1631698090 21372 8118 3168 437 3654 3454 1573 0 84 12 18 0 452 0
1631756150 21375 8118 3168 437 3654 3454 1573 0 84 12 18 0 452 0
1631778486 21385 8118 3168 437 3654 3454 1573 0 84 12 18 0 452 0
1631780940 22235 8118 3168 437 3654 3454 1573 0 84 12 18 0 452 0
1631782021 22246 8118 3168 437 3654 3454 1573 0 84 12 18 0 452 0
1631786401 22246 8118 3168 437 3654 3458 1573 0 84 12 18 0 452 0
1631856784 22246 8122 3168 437 3654 3458 1573 0 84 12 18 0 452 0
1631868966 22246 8128 3197 437 3654 3458 1573 0 84 12 18 0 452 0
1631871614 22246 8128 3199 437 3654 3458 1573 0 84 12 18 0 452 0
1631930233 22246 8128 3199 437 3654 3531 1573 0 84 12 18 0 452 0
1631945994 22246 8180 3199 437 3654 3531 1573 0 84 12 18 0 452 0
1632302474 22246 8180 3199 437 3654 3666 1573 0 84 12 18 0 452 0
1632308804 22246 8180 3199 437 3654 3669 1573 0 84 12 18 0 452 0
1632394450 22246 8274 3199 437 3654 3669 1573 0 84 12 18 0 452 0
1632456308 22246 8300 3199 437 3654 3669 1573 0 84 12 18 0 452 0
1632477694 22246 8304 3199 437 3654 3669 1573 0 84 12 18 0 452 0
1632627062 22249 8304 3199 437 3654 3669 1573 0 84 12 18 0 452 0
1632627152 22647 8304 3199 437 3654 3702 1573 0 84 12 18 0 452 0
1632710265 22647 8304 3199 437 3654 3724 1573 0 84 12 18 0 452 0
1632713553 22647 8304 3199 437 3654 3736 1573 0 84 12 18 0 452 0
1632733008 22647 8304 3231 437 3654 3736 1573 0 84 12 18 0 452 0
1632733018 22647 8304 3234 437 3654 3736 1573 0 84 12 18 0 452 0
1632734109 22674 8304 3234 437 3654 3736 1573 0 84 12 18 0 452 0
1632734125 22720 8312 3234 437 3654 3736 1573 0 84 12 18 0 452 0
1632747749 22720 8312 3243 437 3654 3736 1573 0 84 12 18 0 452 0
1632756067 22720 8312 3243 437 3654 3736 1573 0 84 12 18 0 452 0
1632756188 22760 8312 3243 437 3654 3736 1573 0 84 12 18 0 452 0
1632757193 22766 8312 3243 437 3654 3736 1573 0 84 12 18 0 452 0
1632757633 22772 8312 3243 437 3654 3736 1573 0 84 12 18 0 452 0
1632802147 22773 8312 3243 437 3654 3736 1573 0 84 12 18 0 452 0
1632804318 22773 8312 3285 437 3654 3736 1573 0 84 12 18 0 452 0
1632810146 22786 8312 3285 437 3654 3764 1573 0 84 12 18 0 452 0
1632816542 22788 8312 3285 437 3654 3764 1573 0 84 12 18 0 452 0
1632816785 22807 8312 3285 437 3654 3764 1573 0 84 12 18 0 452 0
1632829224 22807 8312 3285 437 3654 3764 1573 0 84 12 18 0 452 0
1632842111 22807 8312 3286 437 3654 3764 1573 0 84 12 18 0 452 0
1632843019 22807 8312 3286 437 3654 3764 1573 0 84 12 18 0 452 0
1632845835 22807 8312 3287 437 3654 3764 1573 0 84 12 18 0 452 0
1632846335 22807 8312 3287 437 3654 3764 1573 0 84 12 18 0 452 0
1632881547 22813 8312 3287 437 3654 3764 1573 0 84 12 18 0 452 0
1632882576 22813 8312 3402 437 3654 3764 1573 0 84 12 18 0 452 0
1632883199 22813 8312 3402 437 3654 3764 1573 0 84 12 18 0 452 0
1632885451 22817 8312 3402 437 3654 3764 1573 0 84 12 18 0 452 0
1632926465 22819 8312 3402 437 3654 3764 1573 0 84 12 18 0 452 0
1632926584 22825 8312 3402 437 3654 3764 1573 0 84 12 18 0 452 0
1632927148 22826 8312 3402 437 3654 3764 1573 0 84 12 18 0 452 0
1633669469 22826 8312 3402 437 3654 3764 1574 0 84 12 18 0 452 0
1633677920 22826 8312 3402 437 3654 3764 1595 0 84 12 18 0 452 0
1633683123 22826 8312 3403 437 3654 3764 1595 0 84 12 18 0 452 0
1633767850 22826 8368 3403 437 3654 3774 1595 0 84 12 18 0 452 0
1633768533 22826 8369 3403 437 3654 3774 1595 0 84 12 18 0 452 0
1633769461 22826 8369 3403 437 3654 3779 1595 0 84 12 18 0 452 0
1633920113 22826 8369 3403 437 3654 3779 1595 0 84 16 18 0 452 0
1633923576 22829 8369 3403 437 3654 3779 1595 0 84 16 18 0 452 0
1633926796 22829 8378 3403 437 3654 3779 1595 0 84 16 18 0 452 0
1633935766 22829 8404 3403 437 3654 3779 1595 0 84 16 18 0 452 0
1633939366 22921 8404 3403 437 3654 3779 1595 0 84 16 18 0 452 0
1633941822 22921 8406 3403 437 3654 3779 1595 0 84 16 18 0 452 0
1633945069 22921 8406 3403 437 3654 3811 1595 0 84 16 18 0 452 0
1633953424 22921 8406 3424 437 3654 3811 1595 0 84 16 18 0 452 0
1634012039 22921 8408 3424 437 3654 3811 1595 0 84 16 18 0 452 0
1634022736 22921 8409 3424 437 3654 3811 1595 0 84 16 18 0 452 0
1634277689 22921 8409 3428 437 3654 3811 1595 0 84 16 18 0 452 0
1634529576 22921 8409 3428 437 3654 3811 1595 0 84 16 18 0 452 0
1634540275 22921 8409 3433 1148 3654 3811 1595 0 84 16 18 0 452 0
1634542900 22921 8409 3433 1154 3654 3811 1595 0 84 16 18 0 452 0
1634544524 22921 8409 3433 1170 3654 3811 1595 0 84 16 18 0 452 0
1634544618 22921 8409 3433 1175 3654 3811 1595 0 84 16 18 0 452 0
1634545038 22921 8409 3433 1202 3654 3811 1595 0 84 16 18 0 452 0
1634545705 22921 8409 3433 1203 3654 3811 1595 0 84 16 18 0 452 0
1634545835 22921 8409 3433 1207 3654 3811 1595 0 84 16 18 0 452 0
1634547359 22921 8409 3433 1233 3654 3811 1595 0 84 16 18 0 452 0
1634548619 22921 8409 3433 1237 3654 3811 1595 0 84 16 18 0 452 0
1634548876 22921 8409 3433 1241 3654 3811 1595 0 84 16 18 0 452 0
1634551151 22921 8409 3433 1265 3654 3811 1595 0 84 16 18 0 452 0
1634551294 22921 8409 3433 1273 3654 3811 1595 0 84 16 18 0 452 0
1634555178 22921 8409 3433 1432 3654 3811 1595 0 84 16 18 0 452 0
1634557351 22921 8409 3433 1471 3654 3811 1595 0 84 16 18 0 452 0
1634559536 22921 8442 3433 1509 3654 3811 1595 0 84 16 18 0 452 0
1634562550 22921 8442 3433 1544 3654 3811 1595 0 84 16 18 0 452 0
1634563616 22921 8442 3433 1545 3654 3811 1595 0 84 16 18 0 452 0
1634563794 22921 8442 3433 1550 3654 3811 1595 0 84 16 18 0 452 0
1634565692 22921 8442 3433 1574 3654 3811 1595 0 84 16 18 0 452 0
1634565703 22921 8442 3433 1598 3654 3811 1595 0 84 16 18 0 452 0
1634566427 22921 8442 3433 1606 3654 3811 1595 0 84 16 18 0 452 0
1634567558 22921 8442 3433 1607 3654 3811 1595 0 84 16 18 0 452 0
1634607238 22921 8442 3433 1615 3654 3811 1595 0 84 16 18 0 452 0
1634608639 22921 8442 3433 1616 3654 3811 1595 0 84 16 18 0 452 0
1634609320 22921 8442 3433 1619 3654 3811 1595 0 84 16 18 0 452 0
1634611099 22921 8442 3433 1623 3654 3811 1595 0 84 16 18 0 452 0
1634613834 22921 8442 3433 1624 3654 3811 1595 0 84 16 18 0 452 0
1634613990 22921 8442 3433 1625 3654 3811 1595 0 84 16 18 0 452 0
1634616096 22927 8442 3433 1625 3654 3811 1727 0 84 16 18 0 452 0
1634618852 22927 9837 3433 1625 3654 3811 1727 0 84 16 18 0 452 0
1634635780 22927 9837 3433 1660 3654 3811 1727 0 84 16 18 0 452 0
1634637261 22927 9837 3433 1684 3654 3811 1727 0 84 16 18 0 452 0
1634639171 22927 9837 3433 1829 3654 3811 1727 0 84 16 18 0 452 0
1634642316 22927 9837 3433 1830 3654 3811 1727 0 84 16 18 0 452 0
1634644743 22927 9837 3433 1868 3654 3811 1727 0 84 16 18 0 452 0
1634645549 22927 9837 3433 1872 3654 3811 1727 0 84 16 18 0 452 0
1634645999 22927 9837 3433 1878 3654 3811 1727 0 84 16 18 0 452 0
1634647082 22927 9837 3433 1879 3654 3811 1727 0 84 16 18 0 452 0
1634649519 22927 9837 3433 1911 3654 3811 1727 0 84 16 18 0 452 0
1634649922 22927 9837 3433 1925 3654 3811 1727 0 84 16 18 0 452 0
1634650034 22927 9837 3433 1926 3654 3811 1727 0 84 16 18 0 452 0
1634651926 22927 9837 3433 1929 3654 3811 1727 0 84 16 18 0 452 0
1634652638 22927 9837 3433 1935 3654 3811 1727 0 84 16 18 0 452 0
1634654639 22927 9837 3433 1939 3654 3811 1727 0 84 16 18 0 452 0
1634658197 22927 9837 3433 1941 3654 3811 1727 0 84 16 18 0 452 0
1634699251 22927 9846 3433 1986 3654 3811 1727 0 84 18 18 0 452 0
1634707096 22927 9846 3433 1988 3654 3811 1727 0 84 18 18 0 452 0
1634735863 22927 9849 3433 1988 3654 3811 1727 0 84 18 18 0 452 0
1634785238 22927 9884 3625 1988 3654 3811 1727 0 84 18 18 0 452 0
1634806291 22927 9884 3631 1988 3654 4323 1727 0 84 18 18 0 452 0
1634867170 22927 9884 3631 1995 3654 4329 1727 0 84 18 18 0 452 0
1634869372 22927 9911 3631 1995 3654 4329 1727 0 84 18 18 0 452 0
1634885151 22927 9920 3631 1995 3654 4329 1727 0 84 18 18 0 452 0
1634887556 22927 9920 3632 1995 3654 4329 1727 0 84 18 18 0 452 0
1634888667 22927 9920 3632 1995 3654 4329 1727 0 84 18 18 0 452 0
1634891315 22927 9920 3633 1995 3654 4329 1727 0 84 18 18 0 452 0
1634891787 22927 9920 3633 1995 3654 4329 1727 0 84 18 18 0 452 0
1634891883 22927 9920 3633 1995 3654 4490 1727 0 84 18 18 0 452 0
1634895245 22927 9920 3633 1995 3654 4553 1727 0 84 18 18 0 452 0
1634907869 22943 9920 3633 1995 3654 4553 1727 0 84 18 18 0 452 0
1635136942 22943 9920 3633 1995 3654 4553 1727 0 84 61 18 0 452 0
1635143271 22943 9920 3633 1995 3654 4553 1727 0 84 61 18 0 452 0
1635143917 22943 9920 3639 1996 3654 4553 1727 0 84 61 18 0 452 0
1635147290 22943 9920 3639 1996 3654 4553 1727 0 84 61 18 0 452 0
1635218594 22944 9920 3639 1996 3654 4553 1727 0 84 61 18 0 452 0
1635219777 22945 9920 3639 1996 3654 4553 1727 0 84 61 18 0 452 0
1635221026 22946 9920 3639 1996 3654 4553 1727 0 84 61 18 0 452 0
1635222209 22946 9924 3639 1996 3654 4553 1727 0 84 61 18 0 452 0
1635235140 22946 9940 3639 1996 3654 4553 1727 0 84 61 18 0 452 0
1635236389 22946 9944 3639 1996 3654 4553 1727 0 84 61 18 0 452 0
1635242695 22946 9944 3649 1996 3654 4553 1727 0 84 61 18 0 452 0
1635248209 22946 9987 3649 1996 3654 4553 1727 0 84 61 18 0 452 0
1635297891 22998 9987 3649 1996 3654 4553 1727 0 84 61 18 0 452 0
1635305494 22998 9995 3649 1996 3654 4553 1727 0 84 61 18 0 452 0
1635306610 22998 10021 3649 1996 3654 4553 1727 0 84 61 18 0 452 0
1635316020 22998 10027 3649 1996 3654 4553 1727 0 84 61 18 0 452 0
1635321360 22998 10037 3649 1996 3654 4553 1727 0 84 61 18 0 452 0
1635388183 22998 10065 3649 1996 3654 4553 1727 0 84 61 18 0 452 0
1635396455 22998 10082 3649 1996 3654 4553 1727 0 84 61 18 0 452 0
1635414065 22998 10088 3649 1996 3654 4553 1727 0 84 61 18 0 452 0
1635414680 23003 10088 3649 1996 3654 4553 1727 0 84 61 18 0 452 0
1635420813 23003 10088 3649 1996 3654 4553 1727 0 84 61 18 0 452 0
1635429863 23008 10089 3649 1996 3654 4553 1727 0 84 61 18 0 452 0
1635436546 23008 10110 3649 1996 3654 4553 1727 0 84 61 18 0 452 0
1635475372 23008 10111 3649 1996 3654 4553 1727 0 84 61 18 0 452 0
1635476078 23023 10111 3649 1996 3654 4553 1727 0 84 61 18 0 452 0
1635476085 23025 10111 3649 1996 3654 4553 1727 0 84 61 18 0 452 0
1635476098 23026 10111 3649 1996 3654 4553 1727 0 84 61 18 0 452 0
1635476109 23053 10111 3649 1996 3654 4553 1727 0 84 61 18 0 452 0
1635481813 23087 10111 3649 1996 3654 4553 1727 0 84 61 18 0 452 0
1635482367 23137 10111 3649 1996 3654 4553 1727 0 84 61 18 0 452 0
1635487725 23138 10111 3649 1996 3654 4553 1727 0 84 61 18 0 452 0
1635489446 23138 10129 3649 1996 3654 4553 1727 0 84 61 18 0 452 0
1635492889 23138 10131 3649 1996 3654 4553 1727 0 84 61 18 0 452 0
1635495819 23169 10131 3649 1996 3654 4553 1727 0 84 61 18 0 452 0
1635497144 23200 10131 3649 1996 3654 4553 1727 0 84 61 18 0 452 0
1635497407 23200 10157 3649 1996 3654 4553 1727 0 84 61 18 0 452 0
1635501420 23210 10158 3649 1996 3654 4553 1727 0 84 61 18 0 452 0
1635524541 23210 10158 3649 2003 3654 4553 1727 0 84 61 18 0 452 0
1635564817 23210 10190 3649 2003 3654 4553 1727 0 84 61 18 0 452 0
1635565321 23210 10195 3649 2003 3654 4553 1727 0 84 61 18 0 452 0
1635565472 23210 10195 3649 2003 3654 4553 1727 0 84 61 18 0 452 0
1635565882 23210 10217 3649 2003 3654 4553 1727 0 84 61 18 0 452 0
1635575082 23214 10217 3649 2003 3654 4553 1727 0 84 61 18 0 452 0
1635575329 23286 10217 3649 2003 3654 4553 1727 0 84 61 18 0 452 0
1635735414 23286 10217 3649 2003 3654 4553 1727 0 112 61 18 0 452 0
1635737505 23286 10217 3649 2004 3654 4553 1727 0 112 61 18 0 452 0
1635738660 23304 10217 3649 2004 3654 4553 1727 0 112 61 18 0 452 0
1635766147 23305 10217 3649 2004 3654 4553 1727 0 112 61 18 0 452 0
1635768107 23305 10220 3649 2004 3654 4553 1727 0 112 61 18 0 452 0
1635768119 23305 10221 3649 2004 3654 4553 1727 0 112 61 18 0 452 0
1635768320 23305 10221 3649 2006 3654 4553 1727 0 112 61 18 0 452 0
1635776658 23305 10221 3649 2006 3654 4553 1727 0 113 61 18 0 452 0
1635819989 23305 10223 3649 2006 3654 4553 1727 0 113 61 18 0 452 0
1635820769 23305 10223 3649 2006 3654 4553 1727 0 113 61 18 0 452 0
1635821515 23305 10225 3649 2006 3654 4553 1727 0 113 61 18 0 452 0
1635824928 23305 10225 3705 2006 3654 4553 1727 0 113 61 18 0 452 0
1635851675 23305 10225 3710 2006 3654 4553 1727 0 113 61 18 0 452 0
1635902666 23308 10225 3710 2006 3654 4553 1727 0 113 61 18 0 452 0
1635925378 23308 10225 3710 2006 3654 4553 1727 0 113 75 18 0 452 0
1635931604 23308 10228 3710 2006 3654 4553 1727 0 113 75 18 0 452 0
1635933150 23308 10237 3710 2006 3654 4553 1727 0 113 75 18 0 452 0
1635994665 23308 10238 3710 2006 3654 4553 1727 0 113 75 18 0 452 0
1636006283 23308 10244 3710 2006 3654 4553 1727 0 113 75 18 0 452 0
1636012056 23319 10244 3710 2006 3654 4553 1727 0 113 75 18 0 452 0
1636014575 23391 10244 3710 2006 3654 4553 1727 0 113 75 18 0 452 0
1636015174 23392 10244 3710 2006 3654 4553 1727 0 113 75 18 0 452 0
1636016003 23392 10272 3710 2006 3654 4553 1727 0 113 75 18 0 452 0
1636078351 23392 10272 3710 2006 3654 4553 1727 0 113 77 18 0 452 0
1636078713 23392 10272 3710 2006 3654 4553 1727 0 113 77 18 0 452 0
1636079451 23392 10272 3710 2006 3654 4553 1727 0 113 78 18 0 452 0
1636086578 23421 10272 3710 2006 3654 4553 1727 0 113 78 18 0 452 0
1636103113 23421 10273 3710 2006 3654 4553 1727 0 113 78 18 0 452 0
1636124703 23421 10273 3710 2007 3654 4553 1727 0 113 78 18 0 452 0
1636157098 23421 10273 3710 2008 3654 4553 1727 0 113 78 18 0 452 0
1636157145 23421 10273 3710 2045 3654 4553 1727 0 113 78 18 0 452 0
1636157152 23421 10273 3710 2810 3654 4553 1727 0 113 78 18 0 452 0
1636180782 23421 10273 3710 2810 3654 4553 1727 0 113 78 43 0 452 0
1636348497 23421 10273 3710 2817 3654 4553 1727 0 113 78 43 0 452 0
1636348809 23421 10273 3710 2838 3654 4553 1727 0 113 78 43 0 452 0
1636350929 23421 10273 3710 2838 3654 4553 1727 0 113 78 43 0 452 0
1636360182 23421 10302 3710 2838 3654 4553 1727 0 113 78 43 0 452 0
1636372089 23422 10302 3710 2838 3654 4553 1727 0 113 78 43 0 452 0
1636457070 23422 10302 3719 2838 3654 4553 1727 0 113 78 43 0 452 0
1636511084 23422 10304 3719 2851 3654 4553 1727 0 113 78 43 0 452 0
1636534283 23422 10305 3719 2851 3654 4553 1727 0 113 78 43 0 452 0
1636534343 23422 10408 3719 2851 3654 4553 1727 0 113 78 43 0 452 0
1636535117 23422 10410 3719 2851 3654 4553 1727 0 113 78 43 0 452 0
1636538356 23422 10413 3719 2851 3654 4553 1727 0 113 78 43 0 452 0
1636539998 23422 10413 3734 2851 3654 4553 1727 0 113 78 43 0 452 0
1636594263 23422 10449 3734 2851 3654 4553 1727 0 113 78 43 0 452 0
1636601754 23422 10485 3734 2851 3654 4553 1727 0 113 78 43 0 452 0
1636614385 23422 10485 3736 2851 3654 4553 1727 0 113 78 43 0 452 0
1636617215 23422 10485 3736 2851 3654 4553 1727 0 113 78 43 0 452 0
1636618975 23422 10587 3737 2851 3654 4553 1727 0 113 78 43 0 452 0
1636621927 23422 10589 3737 2851 3654 4553 1727 0 113 78 43 0 452 0
1636621935 23422 10591 3737 2851 3654 4553 1727 0 113 78 43 0 452 0
1636621946 23422 10593 3737 2851 3654 4553 1727 0 113 78 43 0 452 0
1636621954 23422 10595 3737 2851 3654 4553 1727 0 113 78 43 0 452 0
1636627319 23422 10595 3844 2851 3654 4553 1727 0 113 78 43 0 452 0
1636638323 23422 10595 3847 2851 3654 4553 1727 0 113 78 43 0 452 0
1636639086 23422 10595 3847 2851 3654 4553 1727 0 113 78 43 0 452 0
1636648274 23422 10595 3857 2851 3654 4553 1727 0 113 78 43 0 452 0
1636648714 23422 10595 3857 2851 3654 4553 1727 0 113 78 43 0 452 0
1636688373 23422 10693 3857 2851 3654 4553 1727 0 113 78 43 0 452 0
1636695197 23422 10693 3858 2851 3654 4553 1727 0 113 78 43 0 452 0
1636696570 23422 10693 3871 2851 3654 4553 1727 0 113 78 43 0 452 0
1636697210 23422 10693 3874 2851 3654 4553 1727 0 113 78 43 0 452 0
1636699291 23422 10693 3875 2851 3654 4553 1727 0 113 78 43 0 452 0
1636700093 23422 10693 3875 2891 3654 4553 1727 0 113 78 43 0 452 0
1636712383 23422 10741 3875 2891 3654 4553 1727 0 113 78 43 0 452 0
1636713249 23422 10742 3875 2891 3654 4553 1727 0 113 78 43 0 452 0
1636777359 23422 10742 3875 2891 3654 4553 1727 0 113 78 43 0 452 0
1636946550 23422 10742 3875 2892 3654 4553 1727 0 113 78 43 0 452 0
1636959648 23422 10742 3875 2892 3654 4553 1727 0 113 109 43 0 452 0
1636962990 23422 10742 3875 2892 3654 4553 1727 0 113 110 43 0 452 0
1636968405 23422 10779 3875 2892 3654 4553 1727 0 113 110 43 0 452 0
1636971835 23422 10781 3875 2892 3654 4553 1727 0 113 110 43 0 452 0
1636974146 23422 10830 3875 2892 3654 4553 1727 0 113 110 43 0 452 0
1637032060 23422 10830 3875 2892 3654 4553 1727 0 113 137 43 0 452 0
1637065123 23422 10830 3875 2895 3654 4553 1727 0 113 137 43 0 452 0
1637072143 23422 10830 3875 2895 3654 4553 1727 0 139 137 43 0 452 0
1637115239 23422 10830 3875 2902 3654 4553 1727 0 139 137 43 0 452 0
1637116931 23422 10830 3875 2905 3654 4553 1727 0 139 137 43 0 452 0
1637116952 23422 10830 3875 2909 3654 4553 1727 0 139 137 43 0 452 0
1637116999 23422 10830 3875 2912 3654 4553 1727 0 139 137 43 0 452 0
1637117347 23422 10830 3875 2914 3654 4553 1727 0 139 137 43 0 452 0
1637117365 23422 10830 3875 2918 3654 4553 1727 0 139 137 43 0 452 0
1637117414 23422 10830 3875 2951 3654 4553 1727 0 139 137 43 0 452 0
1637120045 23422 10830 3875 2957 3654 4553 1727 0 139 137 43 0 452 0
1637120069 23422 10830 3875 2985 3654 4553 1727 0 139 137 43 0 452 0
1637122876 23422 10830 3875 2987 3654 4553 1727 0 139 137 43 0 452 0
1637123383 23422 10830 3875 2994 3654 4553 1727 0 139 137 43 0 452 0
1637134772 23422 11642 3879 2994 3654 4553 1860 0 139 137 43 0 452 0
1637144654 23422 11642 3880 2994 3654 4553 1860 0 139 137 43 0 452 0
1637145335 23422 11642 3880 3026 3654 4553 1860 0 139 137 43 0 452 0
1637146195 23422 11642 3880 3026 3654 4553 1860 0 139 137 43 0 452 4
1637153463 23422 11666 3880 3026 3654 4553 1860 0 139 137 43 0 452 4
1637156825 23422 11666 3880 3523 3654 4553 1860 0 139 137 43 0 452 4
1637201945 23422 11666 3880 3556 3654 4553 1860 0 139 137 43 0 452 4
1637203402 23422 11666 3880 3557 3654 4553 1860 0 139 137 43 0 452 4
1637203857 23422 11666 3880 3564 3654 4553 1860 0 139 137 43 0 452 4
1637205902 23429 11666 3880 3564 3654 4553 1860 0 139 137 43 0 452 4
1637209050 23429 11666 3890 3564 3654 4553 1860 0 139 137 43 0 452 4
1637212806 23429 11666 3893 3564 3654 4553 1860 0 139 137 43 0 452 4
1637212830 23429 11666 3895 3564 3654 4553 1860 0 139 137 43 0 452 4
1637213446 23438 11666 3895 3577 3654 4553 1860 0 139 137 43 0 452 4
1637214402 23438 11666 3904 3583 3654 4553 1860 0 139 137 43 0 452 4
1637219396 23438 11666 3904 3587 3654 4553 1860 0 139 137 43 0 452 4
1637222827 23439 11666 3904 3587 3654 4553 1860 0 139 137 43 0 452 4
1637224596 23439 11666 3904 3587 3654 4555 1860 0 139 137 43 0 452 4
1637234247 23439 11666 3909 3587 3654 4555 1860 0 139 137 43 0 452 4
1637234848 23439 11666 3913 3587 3654 4555 1860 0 139 137 43 0 452 4
1637252774 23440 11666 3913 3587 3654 4555 1860 0 139 137 43 0 452 4
1637293271 23440 11668 3913 3587 3654 4555 1860 0 139 137 43 0 452 4
1637293344 23440 11670 3913 3587 3654 4555 1860 0 139 137 43 0 452 4
1637293839 23440 11671 3913 3587 3654 4555 1860 0 139 137 43 0 452 4
1637294695 23440 11672 3913 3587 3654 4555 1860 0 139 137 43 0 452 4
1637298122 23440 11675 3913 3587 3654 4555 1860 0 139 137 43 0 452 4
1637298438 23440 11698 3913 3587 3654 4555 1860 0 139 137 43 0 452 4
1637299526 23440 11749 3913 3587 3654 4555 1860 0 139 137 43 0 452 4
1637302914 23440 11765 3913 3587 3654 4555 1860 0 139 137 43 0 452 4
1637304271 23440 11768 3913 3587 3654 4555 1860 0 139 137 43 0 452 4
1637307837 23440 11768 3927 3587 3654 4555 1860 0 139 137 43 0 452 4
1637312459 23440 11776 3927 3587 3654 4555 1860 0 139 137 43 0 452 4
1637312578 23440 11776 3928 3587 3654 4555 1860 0 139 137 43 0 452 4
1637315400 23440 11786 3928 3587 3654 4555 1860 0 139 137 43 0 452 4
1637551125 23440 11786 3928 3588 3654 4555 1860 0 139 137 43 0 452 4
1637554703 23440 11787 3928 3588 3654 4555 1860 0 139 137 43 0 452 4
1637570423 23440 11872 3928 3588 3654 4555 1860 0 139 137 43 0 452 4
1637573184 23440 11907 3928 3588 3654 4555 1860 0 139 137 43 0 452 4
1637576416 23440 11914 3928 3588 3654 4555 1860 0 139 137 43 0 452 4
1637639060 23440 11914 3937 3588 3654 4555 1860 0 139 137 43 0 452 4
1637642305 23440 11917 3937 3588 3654 4555 1860 0 139 137 43 0 452 4
1637644597 23440 11917 3937 3588 3654 4555 1860 0 139 137 43 0 452 4
1637652993 23440 11917 3937 3588 3654 4593 1860 0 139 137 43 0 452 4
1637658065 23440 11946 3937 3588 3654 4593 1860 0 139 137 43 0 452 4
1637662766 23440 11949 3937 3588 3654 4593 1860 0 139 137 43 0 452 4
1637681994 23440 11949 4131 3588 3654 4593 1860 0 139 137 43 0 452 4
1637682011 23440 11949 4174 3588 3654 4593 1860 0 139 137 43 0 452 4
1637728622 23441 11949 4174 3588 3654 4593 1860 0 139 137 43 0 452 4
1637750334 23441 11949 4175 3588 3654 4951 1860 0 139 137 43 0 452 4
1637805860 23441 12096 4176 3588 3654 4951 1860 0 139 137 43 0 452 4
1637826661 23441 12488 4176 3588 3654 4951 1860 0 139 137 43 0 452 4
1637827784 23441 12504 4176 3588 3654 4951 1860 0 139 137 43 0 452 4
1637852425 23441 12504 4176 3588 3654 4951 1860 0 139 137 43 0 452 4
1637854438 23441 12504 4176 3588 3654 4951 1860 0 139 137 43 0 452 4
1637890750 25049 12504 4176 3596 3654 4951 1860 0 139 137 43 0 452 4
1637899662 25056 12504 4176 3596 3654 4951 1860 0 139 137 43 0 452 4
1637899769 25116 12504 4176 3596 3654 4951 1860 0 139 137 43 0 452 4
1637901188 25125 12504 4176 3596 3654 4951 1860 0 139 137 43 0 452 4
1637902089 25132 12504 4176 3596 3654 4951 1860 0 139 137 43 0 452 4
1637917040 25547 12504 4176 3596 3654 4951 1860 0 139 137 43 0 452 4
1638170266 25547 12504 4176 3596 3654 4951 1860 0 139 137 43 0 452 4
1638170481 25547 12504 4176 3597 3654 4951 1860 0 139 137 43 0 452 4
1638172607 25547 12512 4176 3597 3654 4951 1860 0 139 137 43 0 452 4
1638240942 25629 12516 4176 3597 3654 4951 1860 0 139 137 43 0 452 4
1638259533 25640 12516 4176 3597 3654 4951 1860 0 139 137 43 0 452 4
1638267872 25682 12516 4176 3597 3654 4951 1860 0 139 137 43 0 452 4
1638268728 25705 12516 4176 3597 3654 4951 1860 0 139 137 43 0 452 4
1638268747 25710 12516 4176 3597 3654 4951 1860 0 139 137 43 0 452 4
1638269808 25748 12516 4176 3597 3654 4951 1860 0 139 137 43 0 452 4
1638323056 25748 12517 4176 3597 3654 4951 1860 0 139 137 43 0 452 4
1638343856 25752 12517 4176 3597 3654 4951 1860 0 139 137 43 0 452 4
1638413821 25752 12583 4176 3597 3654 4951 1860 0 139 137 43 0 452 4
1638432063 25752 12583 4176 3597 3654 4997 1860 0 139 137 43 0 452 4
1638441486 25752 12583 4176 3628 3654 4997 1860 0 139 137 43 0 452 4
1638443476 25752 12583 4190 3628 3654 4997 1860 0 139 137 43 0 452 4
1638447375 25752 12583 4190 3628 3654 4997 1860 0 139 137 43 0 452 4
1638496258 25752 12583 4190 3628 3654 4997 1860 0 139 137 77 0 452 4
1638500679 25752 12584 4190 3628 3654 4997 1860 0 139 137 77 0 452 4
1638503266 25752 12586 4190 3694 3654 4997 1860 0 139 137 77 0 452 4
1638505158 25752 12586 4190 3700 3654 4997 1860 0 139 137 77 0 452 4
1638506110 25752 12586 4190 3793 3654 4997 1860 0 139 137 77 0 452 4
1638506355 25752 12586 4190 3793 3654 4997 1860 0 139 137 77 0 452 4
1638506640 25752 12586 4190 3793 3654 4997 1860 0 139 137 77 0 452 4
1638506785 25752 12610 4190 3816 3654 4997 1860 0 139 137 77 0 452 4
1638516071 25752 12610 4190 3816 3654 4997 1860 0 139 137 77 0 452 4
1638517593 25752 12610 4190 3849 3654 4997 1860 0 139 137 77 0 452 4
1638517965 25752 12610 4190 3857 3654 4997 1860 0 139 137 77 0 452 4
1638522066 25752 12610 4190 3994 3654 4997 1860 0 139 137 77 0 452 4
1638525647 25752 12610 4190 4107 3654 5001 1860 0 139 137 77 0 452 4
1638843464 25752 13247 4190 4107 3654 5001 1860 0 139 137 77 0 452 4
1638845254 25752 13249 4190 4107 3654 5001 1860 0 139 137 77 0 452 4
1638845292 25752 13298 4190 4107 3654 5001 1860 0 139 137 77 0 452 4
1638845544 25752 13300 4190 4107 3654 5001 1860 0 139 137 77 0 452 4
1638848435 25752 13301 4190 4107 3654 5001 1860 0 139 137 77 0 452 4
1638861327 25752 13301 4192 4246 3654 5001 1860 0 139 137 77 0 452 4
1638865849 25752 13301 4192 4252 3654 5001 1860 0 139 137 77 0 452 4
1638870083 25752 13301 4192 4463 3654 5001 1860 0 139 137 77 0 452 4
1638923516 25752 13308 4192 4463 3654 5001 1860 0 139 137 77 0 452 4
1638927291 25752 13310 4192 4463 3654 5001 1860 0 139 137 77 0 452 4
1638931768 25752 13310 4192 4496 3654 5001 1860 0 139 137 77 0 452 4
1638935893 25752 13313 4192 4496 3654 5001 1860 0 139 137 77 0 452 4
1638950994 25753 13313 4192 4496 3654 5001 1860 0 139 137 77 0 452 4
1638956872 25753 13313 4195 4496 3654 5001 1860 0 139 137 77 0 452 4
1638958171 25753 13314 4195 4496 3654 5001 1860 0 139 137 77 0 452 4
1638958891 25753 13314 4195 4496 3654 5001 1860 0 139 137 77 0 452 4
1639018981 25754 13314 4195 4496 3654 5001 1860 0 139 137 77 0 452 4
1639034043 25754 13340 4195 4496 3654 5001 1860 0 139 137 77 0 452 4
1639036427 25754 13357 4195 4496 3654 5001 1860 0 139 137 77 0 452 4
1639055064 25754 13357 4196 4496 3654 5001 1860 0 139 137 77 0 452 4
1639095169 25754 13357 4196 4497 3654 5001 1860 0 139 137 77 0 452 4
1639096495 25754 13358 4196 4497 3654 5001 1860 0 139 137 77 0 452 4
1639101030 25754 13399 4196 4498 3654 5001 1860 0 139 137 77 0 452 4
1639110184 25754 13399 4196 4498 3654 5001 1860 0 139 137 77 0 452 4
1639126531 25754 13482 4196 4498 3654 5023 1993 0 139 137 77 0 452 4
1639130321 25754 13839 4196 4498 3654 5023 1993 0 139 137 77 0 452 4
1639131808 25754 13840 4196 4498 3654 5023 1993 0 139 137 77 0 452 4
1639364126 25754 13848 4196 4498 3654 5023 1993 0 139 137 77 0 452 4
1639364613 25754 13849 4196 4498 3654 5023 1993 0 139 137 77 0 452 4
1639384451 25754 13882 4196 4498 3654 5023 1993 0 139 137 77 0 452 4
1639385848 25754 13953 4196 4498 3654 5023 1993 0 139 137 77 0 452 4
1639386663 25754 13958 4196 4498 3654 5023 1993 0 139 137 77 0 452 4
1639388583 25754 13961 4196 4498 3654 5023 1993 0 139 137 77 0 452 4
1639390260 25754 13964 4196 4498 3654 5023 1993 0 139 137 77 0 452 4
1639476676 25754 14118 4196 4498 3654 5023 1993 0 139 137 77 0 452 4
1639540308 25754 14118 4196 4514 3654 5023 1993 0 139 137 77 0 452 4
1639542375 25754 14118 4196 4514 3654 5023 1993 0 139 137 77 0 452 4
1639550691 25754 14533 4196 4514 3654 5023 1993 0 139 137 77 0 452 4
1639555434 25754 14596 4196 4514 3654 5023 1993 0 139 137 77 0 452 4
1639559020 25754 14644 4196 4514 3654 5023 1993 0 139 137 77 0 452 4
1639562662 25754 14701 4196 4891 3654 5023 1993 0 139 137 77 0 452 4
1639642424 25754 14701 4196 4991 3654 5023 1993 0 139 137 77 0 452 4
1639971731 25776 14701 4196 4991 3654 5023 1993 0 139 137 77 0 452 4
1639973917 25783 14753 4196 4991 3654 5023 1993 0 139 137 77 0 452 4
1639988003 25783 14753 4196 4991 3654 5058 1993 0 139 137 77 0 452 4
1639989586 25960 15539 4196 4991 3654 5058 1993 0 139 137 77 0 452 4
1639992567 25960 15590 4196 5030 3654 5058 1993 0 139 137 77 0 452 4
1640157227 25960 15600 4210 5030 3654 5058 1993 0 139 137 77 0 452 4
1640158035 25960 15600 4210 5030 3654 5058 1993 0 139 137 77 0 452 4
1640164093 25960 15600 4210 5030 3654 5069 1993 0 139 137 77 0 452 4
1640166360 25960 15601 4210 5030 3654 5069 1993 0 139 137 77 0 452 4
1640227298 25960 15601 4210 5030 3654 5075 1993 0 139 137 77 0 452 4
1640229900 25960 15602 4210 5030 3654 5075 1993 0 139 137 77 0 452 4
1640232767 25960 15602 4210 5030 3654 5088 1993 0 139 137 77 0 452 4
1640240471 25960 15602 4215 5030 3654 5088 1993 0 139 137 77 0 452 4
1640252206 25960 15609 4215 5030 3654 5088 1993 0 139 137 77 0 452 4
1640253164 25960 15610 4215 5030 3654 5088 1993 0 139 137 77 0 452 4
1640267534 25960 15610 4226 5030 3654 5088 1993 0 139 137 77 0 452 4
1640313909 26483 15610 4226 5030 3654 5088 1993 0 139 137 77 0 452 4
1640314663 26530 15610 4226 5030 3654 5088 1993 0 139 137 77 0 452 4
1640333843 26530 15610 4226 5030 3654 5092 1993 0 139 137 77 0 452 4
1640335848 26545 15610 4226 5030 3654 5092 1993 0 139 137 77 0 452 4
1640336138 26550 15610 4226 5030 3654 5092 1993 0 139 137 77 0 452 4
1640337428 26607 15610 4226 5030 3654 5092 1993 0 139 137 77 0 452 4
1640595020 26607 15621 4226 5030 3654 5092 1993 0 139 137 77 0 452 4
1640599840 26607 15668 4226 5030 3654 5092 1993 0 139 137 77 0 452 4
1640659331 26627 15668 4226 5030 3654 5092 1993 0 139 137 77 0 452 4
1640682896 26627 15671 4226 5030 3654 5092 1993 0 139 137 77 0 452 4
1640689716 26627 15671 4227 5030 3654 5092 1993 0 139 137 77 0 452 4
1640690416 26627 15671 4266 5030 3654 5092 1993 0 139 137 77 0 452 4
1640691411 26627 15671 4268 5030 3654 5092 1993 0 139 137 77 0 452 4
1640694786 26627 15671 4270 5030 3654 5092 1993 0 139 137 77 0 452 4
1640695400 26627 15671 4272 5030 3654 5092 1993 0 139 137 77 0 452 4
1640746968 26627 15673 4272 5030 3654 5092 1993 0 139 137 77 0 452 4
1640753677 26627 15673 4272 5030 3654 5093 1993 0 139 137 77 0 452 4
1640759823 26627 15673 4272 5030 3654 5093 1993 0 139 137 77 0 452 4
1640759940 26627 15674 4272 5030 3654 5093 1993 0 139 137 77 0 452 4
1640770764 26627 15674 4272 5030 3654 5131 1993 0 139 137 77 0 452 4
1640829328 26627 15733 4272 5037 3654 5131 1993 0 139 137 77 0 452 4
1640834163 26627 15733 4272 5051 3654 5131 1993 0 139 137 77 0 452 4
1640839768 26627 15733 4272 5075 3654 5131 1993 0 139 137 77 0 452 4
1640839783 26627 15733 4272 5090 3654 5131 1993 0 139 137 77 0 452 4
1640840802 26627 15733 4272 5104 3654 5131 1993 0 139 137 77 0 452 4
1640846528 26627 15734 4272 5104 3654 5131 1993 0 139 137 77 0 452 4
1640847677 26627 15735 4272 5104 3654 5131 1993 0 139 137 77 0 452 4
1640848238 26627 15735 4275 5104 3654 5131 1993 0 139 137 77 0 452 4
1640849978 26627 15736 4275 5104 3654 5131 1993 0 139 137 77 0 452 4
1640851580 26627 15737 4275 5104 3654 5131 1993 0 139 137 77 0 452 4
1640924587 26712 15737 4279 5104 3654 5131 1993 0 139 137 77 0 452 4
1640937684 26714 15737 4279 5104 3654 5131 1993 0 139 137 77 0 452 4
1640938506 26718 15737 4279 5104 3654 5131 1993 0 139 137 77 0 452 4
1640944111 26718 15737 4280 5104 3654 5131 1993 0 139 137 77 0 452 4
1640946906 26718 15737 4281 5104 3654 5131 1993 0 139 137 77 0 452 4
1640948620 26720 15737 4281 5104 3654 5131 1993 0 139 137 77 0 452 4
1641278789 26720 15739 4281 5104 3654 5131 1993 0 139 137 77 0 452 4
1641284693 26735 15739 4281 5104 3654 5131 1993 0 139 137 77 0 452 4
1641306054 26735 15739 4281 5104 3654 5131 1993 0 154 137 77 0 452 4
1641357723 26735 15739 4282 5104 3654 5131 1993 0 158 137 77 0 452 4
1641360165 26735 15739 4282 5114 3654 5131 1993 0 158 137 77 0 452 4
1641370647 26753 15739 4282 5114 3654 5131 1993 0 158 137 77 0 452 4
1641386862 26754 15739 4282 5129 3654 5131 1993 0 158 137 77 0 452 4
1641452182 26754 15739 4292 5129 3654 5131 1993 0 158 137 77 0 452 4
1641472093 26755 15744 4292 5129 3654 5131 1993 0 158 137 77 0 452 4
1641474136 26850 15744 4292 5129 3654 5131 1993 0 158 137 77 0 452 4
1641529947 26850 16127 4292 5129 3654 5131 1993 0 158 137 77 0 452 4
1641531949 26850 16167 4292 5129 3654 5131 1993 0 158 137 77 0 452 4
1641537954 26850 16171 4292 5129 3654 5131 1993 0 158 137 77 0 452 4
1641541662 26850 16171 4292 5129 3654 5149 1993 0 158 137 77 0 452 4
1641545622 26850 16171 4292 5129 3654 5149 1993 0 158 137 77 0 452 4
1641739489 26850 16171 4292 5129 3654 5194 1993 0 158 137 77 0 452 4
1641801729 26850 16171 4292 5129 3654 5194 1993 0 158 137 77 0 452 4
1641801779 26851 16171 4292 5129 3654 5194 1993 0 158 137 77 0 452 4
1641811966 26852 16171 4292 5129 3654 5194 1993 0 158 137 77 0 452 4
1641875117 26871 16171 4292 5129 3654 5194 1993 0 158 137 77 0 452 4
1641878018 26871 16171 4292 5129 3654 5194 1993 0 158 137 77 0 452 4
1641957752 26871 16171 4292 5141 3654 5194 1993 0 158 137 77 0 452 4
1641993124 26871 16171 4312 5141 3654 5194 1993 0 158 137 77 0 452 4
1642043029 26871 16171 4314 5141 3654 5194 1993 0 158 137 77 0 452 4
1642045953 26872 16171 4314 5141 3654 5194 1993 0 158 137 77 0 452 4
1642046064 26975 16171 4314 5141 3654 5194 1993 0 158 137 77 0 452 4
1642056416 26975 16171 4315 5141 3654 5194 1993 0 158 137 77 0 452 4
1642067178 27013 16171 4315 5141 3654 5194 1993 0 158 137 77 0 452 4
1642146125 27033 16171 4315 5141 3654 5194 1993 0 158 137 77 0 452 4
1642146976 27067 16171 4315 5141 3654 5194 1993 0 158 137 77 0 452 4
1642148268 27071 16171 4315 5141 3654 5194 1993 0 158 137 77 0 452 4
1642148285 27075 16171 4315 5141 3654 5194 1993 0 158 137 77 0 452 4
1642213888 27084 16171 4315 5141 3654 5194 1993 0 158 137 77 0 452 4
1642479503 27084 16222 4315 5141 3654 5194 1993 0 158 137 77 0 452 4
1642560368 27084 16222 4331 5141 3654 5194 1993 0 166 137 77 0 452 4
1642562172 27084 16222 4331 5141 3654 5320 1993 0 169 137 77 0 452 4
1642564608 27084 16222 4334 5141 3654 5320 1993 0 169 137 77 0 452 4
1642581377 27085 16222 4334 5141 3654 5320 1993 0 169 137 77 0 452 4
1642583134 27085 16225 4334 5141 3654 5324 1993 0 169 137 77 0 452 4
1642594781 27085 16225 4334 5141 3654 5325 1993 0 169 137 77 0 452 4
1642646607 27085 16225 4334 5141 3654 5330 1993 0 169 137 77 0 452 4
1642653906 27085 16225 4334 5141 3654 5332 1993 0 169 137 77 0 452 4
