1614668323 1659
1614668894 1658
1614675720 1673
1616404819 1757
1616557534 1827
1616575604 2143
1616754871 2161
1616755694 2194
1617003962 2247
1617358639 2258
1617366521 2259
1617366666 2259
1617367243 2262
1617367365 2262
1617371297 2810
1617372445 2742
1617372728 2838
1617373631 3445
1617668241 2906
1617680300 2906
1617772445 1924
1617779829 1958
1617788396 2035
1617870058 2163
1617958853 2287
1619335258 2485
1619335451 2485
1619335625 2485
1619336063 2485
1619436352 2533
1619498720 2581
1619515225 2604
1619522261 2587
1619583342 2624
1619598650 2634
1619619206 2634
1619619354 2683
1619619578 2683
1619656469 2686
1619656491 2689
1619691605 2688
1619750690 2694
1619751801 2694
1619754249 2694
1619755267 2694
1619756690 2694
1619760819 2694
1619764148 2694
1619768847 2694
1619776243 2698
1619787360 2707
1619789593 2722
1619877369 2722
1619877931 2722
1619878819 2722
1619881244 2722
1620001140 2718
1620001218 2717
1620304066 2717
1620305083 2717
1620373350 2743
1620392599 2743
1620393597 2743
1620432980 2743
1620442114 2746
1620446140 2749
1620449631 2751
1620458360 2751
1620458986 2751
1620625816 2498
1620626828 2498
1620627135 2498
1620627579 2499
1620630359 2497
1620631197 2499
1620641812 2511
1620644507 2590
1620706859 2591
1620707935 2590
1620710528 2594
1620713138 2592
1620780408 2591
1620788417 2070
1620871605 2070
1620884918 2074
1621001318 2215
1621001690 2213
1621041714 2319
1621045497 2409
1621047884 2409
1621048800 2410
1621049092 2410
1621410028 2520
1621906928 2520
1622514038 2520
1622516395 2520
1622531745 2529
1622723019 2532
1622801901 2532
1622867939 2548
1622882122 2548
1623142985 2557
1623163373 2550
1623163742 2550
1623254868 2683
1623285793 2683
1623288221 2683
1623304972 2682
1623306920 2680
1623310851 2680
1623312060 2680
1623391876 2651
1623395481 2651
1623402628 2651
1623403693 2651
1623405194 2651
1623422700 2652
1623911353 2602
1624588118 2599
1624973385 2602
1625133993 2654
1625193113 2248
1625221468 2248
1625483896 2454
1625635623 2413
1626929855 2429
1628212847 2429
1628749686 2426
1630388404 2482
1630464475 2298
1630480089 2161
1630652225 2518
1630652631 2517
1630667518 2518
1630683620 2518
1630720585 2519
1630722596 2519
1630898696 2522
1630910694 2522
1630915989 2527
1630924992 2525
1630931984 2527
1630981551 2523
1631070926 2523
1631074000 2522
1631076317 2525
1631081341 2525
1631171818 2525
1631179502 2525
1631499938 2518
1631782692 2847
1631870369 2854
1631870429 2862
1631871986 2862
1631922034 2862
1631966087 2862
1632297035 2862
1635843332 2979
1636270151 2984
1636272031 2985
1636292625 2984
1636356351 2993
1636357186 2993
1636357287 2993
1636357904 2993
1636358240 2993
1636594665 2985
1636624803 3028
1636691491 2189
1636713333 2190
1636957564 2180
1636983867 2200
1636984753 2200
1636989156 2200
1637030590 2192
1637032009 2182
1637233635 2183
1638176183 2168
1638183530 2168
1638262769 2210
1638928450 2618
1638931296 2618
1638932107 2618
1638937528 2613
1641567108 2613
